9 10
AURORA-Phase2 0
1 00001U 00000ABC 00001.00000000  .00000000  00000-0  00000+0 0    04
2 00001  75.0000   0.0000 0000001   0.0000   0.0000 13.74000000    01
AURORA-Phase2 1
1 00002U 00000ABC 00001.00000000  .00000000  00000-0  00000+0 0    05
2 00002  75.0000   0.0000 0000001   0.0000  36.0000 13.74000000    01
AURORA-Phase2 2
1 00003U 00000ABC 00001.00000000  .00000000  00000-0  00000+0 0    06
2 00003  75.0000   0.0000 0000001   0.0000  72.0000 13.74000000    02
AURORA-Phase2 3
1 00004U 00000ABC 00001.00000000  .00000000  00000-0  00000+0 0    07
2 00004  75.0000   0.0000 0000001   0.0000 108.0000 13.74000000    03
AURORA-Phase2 4
1 00005U 00000ABC 00001.00000000  .00000000  00000-0  00000+0 0    08
2 00005  75.0000   0.0000 0000001   0.0000 144.0000 13.74000000    04
AURORA-Phase2 5
1 00006U 00000ABC 00001.00000000  .00000000  00000-0  00000+0 0    09
2 00006  75.0000   0.0000 0000001   0.0000 180.0000 13.74000000    05
AURORA-Phase2 6
1 00007U 00000ABC 00001.00000000  .00000000  00000-0  00000+0 0    00
2 00007  75.0000   0.0000 0000001   0.0000 216.0000 13.74000000    06
AURORA-Phase2 7
1 00008U 00000ABC 00001.00000000  .00000000  00000-0  00000+0 0    01
2 00008  75.0000   0.0000 0000001   0.0000 252.0000 13.74000000    07
AURORA-Phase2 8
1 00009U 00000ABC 00001.00000000  .00000000  00000-0  00000+0 0    02
2 00009  75.0000   0.0000 0000001   0.0000 288.0000 13.74000000    07
AURORA-Phase2 9
1 00010U 00000ABC 00001.00000000  .00000000  00000-0  00000+0 0    04
2 00010  75.0000   0.0000 0000001   0.0000 324.0000 13.74000000    00
AURORA-Phase2 10
1 00011U 00000ABC 00001.00000000  .00000000  00000-0  00000+0 0    05
2 00011  75.0000  40.0000 0000001   0.0000  18.0000 13.74000000    05
AURORA-Phase2 11
1 00012U 00000ABC 00001.00000000  .00000000  00000-0  00000+0 0    06
2 00012  75.0000  40.0000 0000001   0.0000  54.0000 13.74000000    06
AURORA-Phase2 12
1 00013U 00000ABC 00001.00000000  .00000000  00000-0  00000+0 0    07
2 00013  75.0000  40.0000 0000001   0.0000  90.0000 13.74000000    07
AURORA-Phase2 13
1 00014U 00000ABC 00001.00000000  .00000000  00000-0  00000+0 0    08
2 00014  75.0000  40.0000 0000001   0.0000 126.0000 13.74000000    08
AURORA-Phase2 14
1 00015U 00000ABC 00001.00000000  .00000000  00000-0  00000+0 0    09
2 00015  75.0000  40.0000 0000001   0.0000 162.0000 13.74000000    09
AURORA-Phase2 15
1 00016U 00000ABC 00001.00000000  .00000000  00000-0  00000+0 0    00
2 00016  75.0000  40.0000 0000001   0.0000 198.0000 13.74000000    09
AURORA-Phase2 16
1 00017U 00000ABC 00001.00000000  .00000000  00000-0  00000+0 0    01
2 00017  75.0000  40.0000 0000001   0.0000 234.0000 13.74000000    01
AURORA-Phase2 17
1 00018U 00000ABC 00001.00000000  .00000000  00000-0  00000+0 0    02
2 00018  75.0000  40.0000 0000001   0.0000 270.0000 13.74000000    02
AURORA-Phase2 18
1 00019U 00000ABC 00001.00000000  .00000000  00000-0  00000+0 0    03
2 00019  75.0000  40.0000 0000001   0.0000 306.0000 13.74000000    03
AURORA-Phase2 19
1 00020U 00000ABC 00001.00000000  .00000000  00000-0  00000+0 0    05
2 00020  75.0000  40.0000 0000001   0.0000 342.0000 13.74000000    05
AURORA-Phase2 20
1 00021U 00000ABC 00001.00000000  .00000000  00000-0  00000+0 0    06
2 00021  75.0000  80.0000 0000001   0.0000   0.0000 13.74000000    01
AURORA-Phase2 21
1 00022U 00000ABC 00001.00000000  .00000000  00000-0  00000+0 0    07
2 00022  75.0000  80.0000 0000001   0.0000  36.0000 13.74000000    01
AURORA-Phase2 22
1 00023U 00000ABC 00001.00000000  .00000000  00000-0  00000+0 0    08
2 00023  75.0000  80.0000 0000001   0.0000  72.0000 13.74000000    02
AURORA-Phase2 23
1 00024U 00000ABC 00001.00000000  .00000000  00000-0  00000+0 0    09
2 00024  75.0000  80.0000 0000001   0.0000 108.0000 13.74000000    03
AURORA-Phase2 24
1 00025U 00000ABC 00001.00000000  .00000000  00000-0  00000+0 0    00
2 00025  75.0000  80.0000 0000001   0.0000 144.0000 13.74000000    04
AURORA-Phase2 25
1 00026U 00000ABC 00001.00000000  .00000000  00000-0  00000+0 0    01
2 00026  75.0000  80.0000 0000001   0.0000 180.0000 13.74000000    05
AURORA-Phase2 26
1 00027U 00000ABC 00001.00000000  .00000000  00000-0  00000+0 0    02
2 00027  75.0000  80.0000 0000001   0.0000 216.0000 13.74000000    06
AURORA-Phase2 27
1 00028U 00000ABC 00001.00000000  .00000000  00000-0  00000+0 0    03
2 00028  75.0000  80.0000 0000001   0.0000 252.0000 13.74000000    07
AURORA-Phase2 28
1 00029U 00000ABC 00001.00000000  .00000000  00000-0  00000+0 0    04
2 00029  75.0000  80.0000 0000001   0.0000 288.0000 13.74000000    07
AURORA-Phase2 29
1 00030U 00000ABC 00001.00000000  .00000000  00000-0  00000+0 0    06
2 00030  75.0000  80.0000 0000001   0.0000 324.0000 13.74000000    00
AURORA-Phase2 30
1 00031U 00000ABC 00001.00000000  .00000000  00000-0  00000+0 0    07
2 00031  75.0000 120.0000 0000001   0.0000  18.0000 13.74000000    06
AURORA-Phase2 31
1 00032U 00000ABC 00001.00000000  .00000000  00000-0  00000+0 0    08
2 00032  75.0000 120.0000 0000001   0.0000  54.0000 13.74000000    07
AURORA-Phase2 32
1 00033U 00000ABC 00001.00000000  .00000000  00000-0  00000+0 0    09
2 00033  75.0000 120.0000 0000001   0.0000  90.0000 13.74000000    08
AURORA-Phase2 33
1 00034U 00000ABC 00001.00000000  .00000000  00000-0  00000+0 0    00
2 00034  75.0000 120.0000 0000001   0.0000 126.0000 13.74000000    09
AURORA-Phase2 34
1 00035U 00000ABC 00001.00000000  .00000000  00000-0  00000+0 0    01
2 00035  75.0000 120.0000 0000001   0.0000 162.0000 13.74000000    00
AURORA-Phase2 35
1 00036U 00000ABC 00001.00000000  .00000000  00000-0  00000+0 0    02
2 00036  75.0000 120.0000 0000001   0.0000 198.0000 13.74000000    00
AURORA-Phase2 36
1 00037U 00000ABC 00001.00000000  .00000000  00000-0  00000+0 0    03
2 00037  75.0000 120.0000 0000001   0.0000 234.0000 13.74000000    02
AURORA-Phase2 37
1 00038U 00000ABC 00001.00000000  .00000000  00000-0  00000+0 0    04
2 00038  75.0000 120.0000 0000001   0.0000 270.0000 13.74000000    03
AURORA-Phase2 38
1 00039U 00000ABC 00001.00000000  .00000000  00000-0  00000+0 0    05
2 00039  75.0000 120.0000 0000001   0.0000 306.0000 13.74000000    04
AURORA-Phase2 39
1 00040U 00000ABC 00001.00000000  .00000000  00000-0  00000+0 0    07
2 00040  75.0000 120.0000 0000001   0.0000 342.0000 13.74000000    06
AURORA-Phase2 40
1 00041U 00000ABC 00001.00000000  .00000000  00000-0  00000+0 0    08
2 00041  75.0000 160.0000 0000001   0.0000   0.0000 13.74000000    02
AURORA-Phase2 41
1 00042U 00000ABC 00001.00000000  .00000000  00000-0  00000+0 0    09
2 00042  75.0000 160.0000 0000001   0.0000  36.0000 13.74000000    02
AURORA-Phase2 42
1 00043U 00000ABC 00001.00000000  .00000000  00000-0  00000+0 0    00
2 00043  75.0000 160.0000 0000001   0.0000  72.0000 13.74000000    03
AURORA-Phase2 43
1 00044U 00000ABC 00001.00000000  .00000000  00000-0  00000+0 0    01
2 00044  75.0000 160.0000 0000001   0.0000 108.0000 13.74000000    04
AURORA-Phase2 44
1 00045U 00000ABC 00001.00000000  .00000000  00000-0  00000+0 0    02
2 00045  75.0000 160.0000 0000001   0.0000 144.0000 13.74000000    05
AURORA-Phase2 45
1 00046U 00000ABC 00001.00000000  .00000000  00000-0  00000+0 0    03
2 00046  75.0000 160.0000 0000001   0.0000 180.0000 13.74000000    06
AURORA-Phase2 46
1 00047U 00000ABC 00001.00000000  .00000000  00000-0  00000+0 0    04
2 00047  75.0000 160.0000 0000001   0.0000 216.0000 13.74000000    07
AURORA-Phase2 47
1 00048U 00000ABC 00001.00000000  .00000000  00000-0  00000+0 0    05
2 00048  75.0000 160.0000 0000001   0.0000 252.0000 13.74000000    08
AURORA-Phase2 48
1 00049U 00000ABC 00001.00000000  .00000000  00000-0  00000+0 0    06
2 00049  75.0000 160.0000 0000001   0.0000 288.0000 13.74000000    08
AURORA-Phase2 49
1 00050U 00000ABC 00001.00000000  .00000000  00000-0  00000+0 0    08
2 00050  75.0000 160.0000 0000001   0.0000 324.0000 13.74000000    01
AURORA-Phase2 50
1 00051U 00000ABC 00001.00000000  .00000000  00000-0  00000+0 0    09
2 00051  75.0000 200.0000 0000001   0.0000  18.0000 13.74000000    07
AURORA-Phase2 51
1 00052U 00000ABC 00001.00000000  .00000000  00000-0  00000+0 0    00
2 00052  75.0000 200.0000 0000001   0.0000  54.0000 13.74000000    08
AURORA-Phase2 52
1 00053U 00000ABC 00001.00000000  .00000000  00000-0  00000+0 0    01
2 00053  75.0000 200.0000 0000001   0.0000  90.0000 13.74000000    09
AURORA-Phase2 53
1 00054U 00000ABC 00001.00000000  .00000000  00000-0  00000+0 0    02
2 00054  75.0000 200.0000 0000001   0.0000 126.0000 13.74000000    00
AURORA-Phase2 54
1 00055U 00000ABC 00001.00000000  .00000000  00000-0  00000+0 0    03
2 00055  75.0000 200.0000 0000001   0.0000 162.0000 13.74000000    01
AURORA-Phase2 55
1 00056U 00000ABC 00001.00000000  .00000000  00000-0  00000+0 0    04
2 00056  75.0000 200.0000 0000001   0.0000 198.0000 13.74000000    01
AURORA-Phase2 56
1 00057U 00000ABC 00001.00000000  .00000000  00000-0  00000+0 0    05
2 00057  75.0000 200.0000 0000001   0.0000 234.0000 13.74000000    03
AURORA-Phase2 57
1 00058U 00000ABC 00001.00000000  .00000000  00000-0  00000+0 0    06
2 00058  75.0000 200.0000 0000001   0.0000 270.0000 13.74000000    04
AURORA-Phase2 58
1 00059U 00000ABC 00001.00000000  .00000000  00000-0  00000+0 0    07
2 00059  75.0000 200.0000 0000001   0.0000 306.0000 13.74000000    05
AURORA-Phase2 59
1 00060U 00000ABC 00001.00000000  .00000000  00000-0  00000+0 0    09
2 00060  75.0000 200.0000 0000001   0.0000 342.0000 13.74000000    07
AURORA-Phase2 60
1 00061U 00000ABC 00001.00000000  .00000000  00000-0  00000+0 0    00
2 00061  75.0000 240.0000 0000001   0.0000   0.0000 13.74000000    03
AURORA-Phase2 61
1 00062U 00000ABC 00001.00000000  .00000000  00000-0  00000+0 0    01
2 00062  75.0000 240.0000 0000001   0.0000  36.0000 13.74000000    03
AURORA-Phase2 62
1 00063U 00000ABC 00001.00000000  .00000000  00000-0  00000+0 0    02
2 00063  75.0000 240.0000 0000001   0.0000  72.0000 13.74000000    04
AURORA-Phase2 63
1 00064U 00000ABC 00001.00000000  .00000000  00000-0  00000+0 0    03
2 00064  75.0000 240.0000 0000001   0.0000 108.0000 13.74000000    05
AURORA-Phase2 64
1 00065U 00000ABC 00001.00000000  .00000000  00000-0  00000+0 0    04
2 00065  75.0000 240.0000 0000001   0.0000 144.0000 13.74000000    06
AURORA-Phase2 65
1 00066U 00000ABC 00001.00000000  .00000000  00000-0  00000+0 0    05
2 00066  75.0000 240.0000 0000001   0.0000 180.0000 13.74000000    07
AURORA-Phase2 66
1 00067U 00000ABC 00001.00000000  .00000000  00000-0  00000+0 0    06
2 00067  75.0000 240.0000 0000001   0.0000 216.0000 13.74000000    08
AURORA-Phase2 67
1 00068U 00000ABC 00001.00000000  .00000000  00000-0  00000+0 0    07
2 00068  75.0000 240.0000 0000001   0.0000 252.0000 13.74000000    09
AURORA-Phase2 68
1 00069U 00000ABC 00001.00000000  .00000000  00000-0  00000+0 0    08
2 00069  75.0000 240.0000 0000001   0.0000 288.0000 13.74000000    09
AURORA-Phase2 69
1 00070U 00000ABC 00001.00000000  .00000000  00000-0  00000+0 0    00
2 00070  75.0000 240.0000 0000001   0.0000 324.0000 13.74000000    02
AURORA-Phase2 70
1 00071U 00000ABC 00001.00000000  .00000000  00000-0  00000+0 0    01
2 00071  75.0000 280.0000 0000001   0.0000  18.0000 13.74000000    07
AURORA-Phase2 71
1 00072U 00000ABC 00001.00000000  .00000000  00000-0  00000+0 0    02
2 00072  75.0000 280.0000 0000001   0.0000  54.0000 13.74000000    08
AURORA-Phase2 72
1 00073U 00000ABC 00001.00000000  .00000000  00000-0  00000+0 0    03
2 00073  75.0000 280.0000 0000001   0.0000  90.0000 13.74000000    09
AURORA-Phase2 73
1 00074U 00000ABC 00001.00000000  .00000000  00000-0  00000+0 0    04
2 00074  75.0000 280.0000 0000001   0.0000 126.0000 13.74000000    00
AURORA-Phase2 74
1 00075U 00000ABC 00001.00000000  .00000000  00000-0  00000+0 0    05
2 00075  75.0000 280.0000 0000001   0.0000 162.0000 13.74000000    01
AURORA-Phase2 75
1 00076U 00000ABC 00001.00000000  .00000000  00000-0  00000+0 0    06
2 00076  75.0000 280.0000 0000001   0.0000 198.0000 13.74000000    01
AURORA-Phase2 76
1 00077U 00000ABC 00001.00000000  .00000000  00000-0  00000+0 0    07
2 00077  75.0000 280.0000 0000001   0.0000 234.0000 13.74000000    03
AURORA-Phase2 77
1 00078U 00000ABC 00001.00000000  .00000000  00000-0  00000+0 0    08
2 00078  75.0000 280.0000 0000001   0.0000 270.0000 13.74000000    04
AURORA-Phase2 78
1 00079U 00000ABC 00001.00000000  .00000000  00000-0  00000+0 0    09
2 00079  75.0000 280.0000 0000001   0.0000 306.0000 13.74000000    05
AURORA-Phase2 79
1 00080U 00000ABC 00001.00000000  .00000000  00000-0  00000+0 0    01
2 00080  75.0000 280.0000 0000001   0.0000 342.0000 13.74000000    07
AURORA-Phase2 80
1 00081U 00000ABC 00001.00000000  .00000000  00000-0  00000+0 0    02
2 00081  75.0000 320.0000 0000001   0.0000   0.0000 13.74000000    04
AURORA-Phase2 81
1 00082U 00000ABC 00001.00000000  .00000000  00000-0  00000+0 0    03
2 00082  75.0000 320.0000 0000001   0.0000  36.0000 13.74000000    04
AURORA-Phase2 82
1 00083U 00000ABC 00001.00000000  .00000000  00000-0  00000+0 0    04
2 00083  75.0000 320.0000 0000001   0.0000  72.0000 13.74000000    05
AURORA-Phase2 83
1 00084U 00000ABC 00001.00000000  .00000000  00000-0  00000+0 0    05
2 00084  75.0000 320.0000 0000001   0.0000 108.0000 13.74000000    06
AURORA-Phase2 84
1 00085U 00000ABC 00001.00000000  .00000000  00000-0  00000+0 0    06
2 00085  75.0000 320.0000 0000001   0.0000 144.0000 13.74000000    07
AURORA-Phase2 85
1 00086U 00000ABC 00001.00000000  .00000000  00000-0  00000+0 0    07
2 00086  75.0000 320.0000 0000001   0.0000 180.0000 13.74000000    08
AURORA-Phase2 86
1 00087U 00000ABC 00001.00000000  .00000000  00000-0  00000+0 0    08
2 00087  75.0000 320.0000 0000001   0.0000 216.0000 13.74000000    09
AURORA-Phase2 87
1 00088U 00000ABC 00001.00000000  .00000000  00000-0  00000+0 0    09
2 00088  75.0000 320.0000 0000001   0.0000 252.0000 13.74000000    00
AURORA-Phase2 88
1 00089U 00000ABC 00001.00000000  .00000000  00000-0  00000+0 0    00
2 00089  75.0000 320.0000 0000001   0.0000 288.0000 13.74000000    00
AURORA-Phase2 89
1 00090U 00000ABC 00001.00000000  .00000000  00000-0  00000+0 0    02
2 00090  75.0000 320.0000 0000001   0.0000 324.0000 13.74000000    03
