6 10
LEO-PNT-Phase3 0
1 00001U 00000ABC 00001.00000000  .00000000  00000-0  00000+0 0    04
2 00001  75.0000   0.0000 0000001   0.0000   0.0000 13.74000000    01
LEO-PNT-Phase3 1
1 00002U 00000ABC 00001.00000000  .00000000  00000-0  00000+0 0    05
2 00002  75.0000   0.0000 0000001   0.0000  36.0000 13.74000000    01
LEO-PNT-Phase3 2
1 00003U 00000ABC 00001.00000000  .00000000  00000-0  00000+0 0    06
2 00003  75.0000   0.0000 0000001   0.0000  72.0000 13.74000000    02
LEO-PNT-Phase3 3
1 00004U 00000ABC 00001.00000000  .00000000  00000-0  00000+0 0    07
2 00004  75.0000   0.0000 0000001   0.0000 108.0000 13.74000000    03
LEO-PNT-Phase3 4
1 00005U 00000ABC 00001.00000000  .00000000  00000-0  00000+0 0    08
2 00005  75.0000   0.0000 0000001   0.0000 144.0000 13.74000000    04
LEO-PNT-Phase3 5
1 00006U 00000ABC 00001.00000000  .00000000  00000-0  00000+0 0    09
2 00006  75.0000   0.0000 0000001   0.0000 180.0000 13.74000000    05
LEO-PNT-Phase3 6
1 00007U 00000ABC 00001.00000000  .00000000  00000-0  00000+0 0    00
2 00007  75.0000   0.0000 0000001   0.0000 216.0000 13.74000000    06
LEO-PNT-Phase3 7
1 00008U 00000ABC 00001.00000000  .00000000  00000-0  00000+0 0    01
2 00008  75.0000   0.0000 0000001   0.0000 252.0000 13.74000000    07
LEO-PNT-Phase3 8
1 00009U 00000ABC 00001.00000000  .00000000  00000-0  00000+0 0    02
2 00009  75.0000   0.0000 0000001   0.0000 288.0000 13.74000000    07
LEO-PNT-Phase3 9
1 00010U 00000ABC 00001.00000000  .00000000  00000-0  00000+0 0    04
2 00010  75.0000   0.0000 0000001   0.0000 324.0000 13.74000000    00
LEO-PNT-Phase3 10
1 00011U 00000ABC 00001.00000000  .00000000  00000-0  00000+0 0    05
2 00011  75.0000  60.0000 0000001   0.0000  18.0000 13.74000000    07
LEO-PNT-Phase3 11
1 00012U 00000ABC 00001.00000000  .00000000  00000-0  00000+0 0    06
2 00012  75.0000  60.0000 0000001   0.0000  54.0000 13.74000000    08
LEO-PNT-Phase3 12
1 00013U 00000ABC 00001.00000000  .00000000  00000-0  00000+0 0    07
2 00013  75.0000  60.0000 0000001   0.0000  90.0000 13.74000000    09
LEO-PNT-Phase3 13
1 00014U 00000ABC 00001.00000000  .00000000  00000-0  00000+0 0    08
2 00014  75.0000  60.0000 0000001   0.0000 126.0000 13.74000000    00
LEO-PNT-Phase3 14
1 00015U 00000ABC 00001.00000000  .00000000  00000-0  00000+0 0    09
2 00015  75.0000  60.0000 0000001   0.0000 162.0000 13.74000000    01
LEO-PNT-Phase3 15
1 00016U 00000ABC 00001.00000000  .00000000  00000-0  00000+0 0    00
2 00016  75.0000  60.0000 0000001   0.0000 198.0000 13.74000000    01
LEO-PNT-Phase3 16
1 00017U 00000ABC 00001.00000000  .00000000  00000-0  00000+0 0    01
2 00017  75.0000  60.0000 0000001   0.0000 234.0000 13.74000000    03
LEO-PNT-Phase3 17
1 00018U 00000ABC 00001.00000000  .00000000  00000-0  00000+0 0    02
2 00018  75.0000  60.0000 0000001   0.0000 270.0000 13.74000000    04
LEO-PNT-Phase3 18
1 00019U 00000ABC 00001.00000000  .00000000  00000-0  00000+0 0    03
2 00019  75.0000  60.0000 0000001   0.0000 306.0000 13.74000000    05
LEO-PNT-Phase3 19
1 00020U 00000ABC 00001.00000000  .00000000  00000-0  00000+0 0    05
2 00020  75.0000  60.0000 0000001   0.0000 342.0000 13.74000000    07
LEO-PNT-Phase3 20
1 00021U 00000ABC 00001.00000000  .00000000  00000-0  00000+0 0    06
2 00021  75.0000 120.0000 0000001   0.0000   0.0000 13.74000000    06
LEO-PNT-Phase3 21
1 00022U 00000ABC 00001.00000000  .00000000  00000-0  00000+0 0    07
2 00022  75.0000 120.0000 0000001   0.0000  36.0000 13.74000000    06
LEO-PNT-Phase3 22
1 00023U 00000ABC 00001.00000000  .00000000  00000-0  00000+0 0    08
2 00023  75.0000 120.0000 0000001   0.0000  72.0000 13.74000000    07
LEO-PNT-Phase3 23
1 00024U 00000ABC 00001.00000000  .00000000  00000-0  00000+0 0    09
2 00024  75.0000 120.0000 0000001   0.0000 108.0000 13.74000000    08
LEO-PNT-Phase3 24
1 00025U 00000ABC 00001.00000000  .00000000  00000-0  00000+0 0    00
2 00025  75.0000 120.0000 0000001   0.0000 144.0000 13.74000000    09
LEO-PNT-Phase3 25
1 00026U 00000ABC 00001.00000000  .00000000  00000-0  00000+0 0    01
2 00026  75.0000 120.0000 0000001   0.0000 180.0000 13.74000000    00
LEO-PNT-Phase3 26
1 00027U 00000ABC 00001.00000000  .00000000  00000-0  00000+0 0    02
2 00027  75.0000 120.0000 0000001   0.0000 216.0000 13.74000000    01
LEO-PNT-Phase3 27
1 00028U 00000ABC 00001.00000000  .00000000  00000-0  00000+0 0    03
2 00028  75.0000 120.0000 0000001   0.0000 252.0000 13.74000000    02
LEO-PNT-Phase3 28
1 00029U 00000ABC 00001.00000000  .00000000  00000-0  00000+0 0    04
2 00029  75.0000 120.0000 0000001   0.0000 288.0000 13.74000000    02
LEO-PNT-Phase3 29
1 00030U 00000ABC 00001.00000000  .00000000  00000-0  00000+0 0    06
2 00030  75.0000 120.0000 0000001   0.0000 324.0000 13.74000000    05
LEO-PNT-Phase3 30
1 00031U 00000ABC 00001.00000000  .00000000  00000-0  00000+0 0    07
2 00031  75.0000 180.0000 0000001   0.0000  18.0000 13.74000000    02
LEO-PNT-Phase3 31
1 00032U 00000ABC 00001.00000000  .00000000  00000-0  00000+0 0    08
2 00032  75.0000 180.0000 0000001   0.0000  54.0000 13.74000000    03
LEO-PNT-Phase3 32
1 00033U 00000ABC 00001.00000000  .00000000  00000-0  00000+0 0    09
2 00033  75.0000 180.0000 0000001   0.0000  90.0000 13.74000000    04
LEO-PNT-Phase3 33
1 00034U 00000ABC 00001.00000000  .00000000  00000-0  00000+0 0    00
2 00034  75.0000 180.0000 0000001   0.0000 126.0000 13.74000000    05
LEO-PNT-Phase3 34
1 00035U 00000ABC 00001.00000000  .00000000  00000-0  00000+0 0    01
2 00035  75.0000 180.0000 0000001   0.0000 162.0000 13.74000000    06
LEO-PNT-Phase3 35
1 00036U 00000ABC 00001.00000000  .00000000  00000-0  00000+0 0    02
2 00036  75.0000 180.0000 0000001   0.0000 198.0000 13.74000000    06
LEO-PNT-Phase3 36
1 00037U 00000ABC 00001.00000000  .00000000  00000-0  00000+0 0    03
2 00037  75.0000 180.0000 0000001   0.0000 234.0000 13.74000000    08
LEO-PNT-Phase3 37
1 00038U 00000ABC 00001.00000000  .00000000  00000-0  00000+0 0    04
2 00038  75.0000 180.0000 0000001   0.0000 270.0000 13.74000000    09
LEO-PNT-Phase3 38
1 00039U 00000ABC 00001.00000000  .00000000  00000-0  00000+0 0    05
2 00039  75.0000 180.0000 0000001   0.0000 306.0000 13.74000000    00
LEO-PNT-Phase3 39
1 00040U 00000ABC 00001.00000000  .00000000  00000-0  00000+0 0    07
2 00040  75.0000 180.0000 0000001   0.0000 342.0000 13.74000000    02
LEO-PNT-Phase3 40
1 00041U 00000ABC 00001.00000000  .00000000  00000-0  00000+0 0    08
2 00041  75.0000 240.0000 0000001   0.0000   0.0000 13.74000000    01
LEO-PNT-Phase3 41
1 00042U 00000ABC 00001.00000000  .00000000  00000-0  00000+0 0    09
2 00042  75.0000 240.0000 0000001   0.0000  36.0000 13.74000000    01
LEO-PNT-Phase3 42
1 00043U 00000ABC 00001.00000000  .00000000  00000-0  00000+0 0    00
2 00043  75.0000 240.0000 0000001   0.0000  72.0000 13.74000000    02
LEO-PNT-Phase3 43
1 00044U 00000ABC 00001.00000000  .00000000  00000-0  00000+0 0    01
2 00044  75.0000 240.0000 0000001   0.0000 108.0000 13.74000000    03
LEO-PNT-Phase3 44
1 00045U 00000ABC 00001.00000000  .00000000  00000-0  00000+0 0    02
2 00045  75.0000 240.0000 0000001   0.0000 144.0000 13.74000000    04
LEO-PNT-Phase3 45
1 00046U 00000ABC 00001.00000000  .00000000  00000-0  00000+0 0    03
2 00046  75.0000 240.0000 0000001   0.0000 180.0000 13.74000000    05
LEO-PNT-Phase3 46
1 00047U 00000ABC 00001.00000000  .00000000  00000-0  00000+0 0    04
2 00047  75.0000 240.0000 0000001   0.0000 216.0000 13.74000000    06
LEO-PNT-Phase3 47
1 00048U 00000ABC 00001.00000000  .00000000  00000-0  00000+0 0    05
2 00048  75.0000 240.0000 0000001   0.0000 252.0000 13.74000000    07
LEO-PNT-Phase3 48
1 00049U 00000ABC 00001.00000000  .00000000  00000-0  00000+0 0    06
2 00049  75.0000 240.0000 0000001   0.0000 288.0000 13.74000000    07
LEO-PNT-Phase3 49
1 00050U 00000ABC 00001.00000000  .00000000  00000-0  00000+0 0    08
2 00050  75.0000 240.0000 0000001   0.0000 324.0000 13.74000000    00
LEO-PNT-Phase3 50
1 00051U 00000ABC 00001.00000000  .00000000  00000-0  00000+0 0    09
2 00051  75.0000 300.0000 0000001   0.0000  18.0000 13.74000000    08
LEO-PNT-Phase3 51
1 00052U 00000ABC 00001.00000000  .00000000  00000-0  00000+0 0    00
2 00052  75.0000 300.0000 0000001   0.0000  54.0000 13.74000000    09
LEO-PNT-Phase3 52
1 00053U 00000ABC 00001.00000000  .00000000  00000-0  00000+0 0    01
2 00053  75.0000 300.0000 0000001   0.0000  90.0000 13.74000000    00
LEO-PNT-Phase3 53
1 00054U 00000ABC 00001.00000000  .00000000  00000-0  00000+0 0    02
2 00054  75.0000 300.0000 0000001   0.0000 126.0000 13.74000000    01
LEO-PNT-Phase3 54
1 00055U 00000ABC 00001.00000000  .00000000  00000-0  00000+0 0    03
2 00055  75.0000 300.0000 0000001   0.0000 162.0000 13.74000000    02
LEO-PNT-Phase3 55
1 00056U 00000ABC 00001.00000000  .00000000  00000-0  00000+0 0    04
2 00056  75.0000 300.0000 0000001   0.0000 198.0000 13.74000000    02
LEO-PNT-Phase3 56
1 00057U 00000ABC 00001.00000000  .00000000  00000-0  00000+0 0    05
2 00057  75.0000 300.0000 0000001   0.0000 234.0000 13.74000000    04
LEO-PNT-Phase3 57
1 00058U 00000ABC 00001.00000000  .00000000  00000-0  00000+0 0    06
2 00058  75.0000 300.0000 0000001   0.0000 270.0000 13.74000000    05
LEO-PNT-Phase3 58
1 00059U 00000ABC 00001.00000000  .00000000  00000-0  00000+0 0    07
2 00059  75.0000 300.0000 0000001   0.0000 306.0000 13.74000000    06
LEO-PNT-Phase3 59
1 00060U 00000ABC 00001.00000000  .00000000  00000-0  00000+0 0    09
2 00060  75.0000 300.0000 0000001   0.0000 342.0000 13.74000000    08
