10 15
LEO-PNT-Phase3 0
1 00001U 00000ABC 00001.00000000  .00000000  00000-0  00000+0 0    04
2 00001  75.0000   0.0000 0000001   0.0000   0.0000 13.74000000    01
LEO-PNT-Phase3 1
1 00002U 00000ABC 00001.00000000  .00000000  00000-0  00000+0 0    05
2 00002  75.0000   0.0000 0000001   0.0000  24.0000 13.74000000    08
LEO-PNT-Phase3 2
1 00003U 00000ABC 00001.00000000  .00000000  00000-0  00000+0 0    06
2 00003  75.0000   0.0000 0000001   0.0000  48.0000 13.74000000    05
LEO-PNT-Phase3 3
1 00004U 00000ABC 00001.00000000  .00000000  00000-0  00000+0 0    07
2 00004  75.0000   0.0000 0000001   0.0000  72.0000 13.74000000    03
LEO-PNT-Phase3 4
1 00005U 00000ABC 00001.00000000  .00000000  00000-0  00000+0 0    08
2 00005  75.0000   0.0000 0000001   0.0000  96.0000 13.74000000    00
LEO-PNT-Phase3 5
1 00006U 00000ABC 00001.00000000  .00000000  00000-0  00000+0 0    09
2 00006  75.0000   0.0000 0000001   0.0000 120.0000 13.74000000    09
LEO-PNT-Phase3 6
1 00007U 00000ABC 00001.00000000  .00000000  00000-0  00000+0 0    00
2 00007  75.0000   0.0000 0000001   0.0000 144.0000 13.74000000    06
LEO-PNT-Phase3 7
1 00008U 00000ABC 00001.00000000  .00000000  00000-0  00000+0 0    01
2 00008  75.0000   0.0000 0000001   0.0000 168.0000 13.74000000    03
LEO-PNT-Phase3 8
1 00009U 00000ABC 00001.00000000  .00000000  00000-0  00000+0 0    02
2 00009  75.0000   0.0000 0000001   0.0000 192.0000 13.74000000    01
LEO-PNT-Phase3 9
1 00010U 00000ABC 00001.00000000  .00000000  00000-0  00000+0 0    04
2 00010  75.0000   0.0000 0000001   0.0000 216.0000 13.74000000    00
LEO-PNT-Phase3 10
1 00011U 00000ABC 00001.00000000  .00000000  00000-0  00000+0 0    05
2 00011  75.0000   0.0000 0000001   0.0000 240.0000 13.74000000    08
LEO-PNT-Phase3 11
1 00012U 00000ABC 00001.00000000  .00000000  00000-0  00000+0 0    06
2 00012  75.0000   0.0000 0000001   0.0000 264.0000 13.74000000    05
LEO-PNT-Phase3 12
1 00013U 00000ABC 00001.00000000  .00000000  00000-0  00000+0 0    07
2 00013  75.0000   0.0000 0000001   0.0000 288.0000 13.74000000    02
LEO-PNT-Phase3 13
1 00014U 00000ABC 00001.00000000  .00000000  00000-0  00000+0 0    08
2 00014  75.0000   0.0000 0000001   0.0000 312.0000 13.74000000    01
LEO-PNT-Phase3 14
1 00015U 00000ABC 00001.00000000  .00000000  00000-0  00000+0 0    09
2 00015  75.0000   0.0000 0000001   0.0000 336.0000 13.74000000    08
LEO-PNT-Phase3 15
1 00016U 00000ABC 00001.00000000  .00000000  00000-0  00000+0 0    00
2 00016  75.0000  36.0000 0000001   0.0000  12.0000 13.74000000    09
LEO-PNT-Phase3 16
1 00017U 00000ABC 00001.00000000  .00000000  00000-0  00000+0 0    01
2 00017  75.0000  36.0000 0000001   0.0000  36.0000 13.74000000    06
LEO-PNT-Phase3 17
1 00018U 00000ABC 00001.00000000  .00000000  00000-0  00000+0 0    02
2 00018  75.0000  36.0000 0000001   0.0000  60.0000 13.74000000    04
LEO-PNT-Phase3 18
1 00019U 00000ABC 00001.00000000  .00000000  00000-0  00000+0 0    03
2 00019  75.0000  36.0000 0000001   0.0000  84.0000 13.74000000    01
LEO-PNT-Phase3 19
1 00020U 00000ABC 00001.00000000  .00000000  00000-0  00000+0 0    05
2 00020  75.0000  36.0000 0000001   0.0000 108.0000 13.74000000    00
LEO-PNT-Phase3 20
1 00021U 00000ABC 00001.00000000  .00000000  00000-0  00000+0 0    06
2 00021  75.0000  36.0000 0000001   0.0000 132.0000 13.74000000    08
LEO-PNT-Phase3 21
1 00022U 00000ABC 00001.00000000  .00000000  00000-0  00000+0 0    07
2 00022  75.0000  36.0000 0000001   0.0000 156.0000 13.74000000    05
LEO-PNT-Phase3 22
1 00023U 00000ABC 00001.00000000  .00000000  00000-0  00000+0 0    08
2 00023  75.0000  36.0000 0000001   0.0000 180.0000 13.74000000    03
LEO-PNT-Phase3 23
1 00024U 00000ABC 00001.00000000  .00000000  00000-0  00000+0 0    09
2 00024  75.0000  36.0000 0000001   0.0000 204.0000 13.74000000    01
LEO-PNT-Phase3 24
1 00025U 00000ABC 00001.00000000  .00000000  00000-0  00000+0 0    00
2 00025  75.0000  36.0000 0000001   0.0000 228.0000 13.74000000    08
LEO-PNT-Phase3 25
1 00026U 00000ABC 00001.00000000  .00000000  00000-0  00000+0 0    01
2 00026  75.0000  36.0000 0000001   0.0000 252.0000 13.74000000    06
LEO-PNT-Phase3 26
1 00027U 00000ABC 00001.00000000  .00000000  00000-0  00000+0 0    02
2 00027  75.0000  36.0000 0000001   0.0000 276.0000 13.74000000    03
LEO-PNT-Phase3 27
1 00028U 00000ABC 00001.00000000  .00000000  00000-0  00000+0 0    03
2 00028  75.0000  36.0000 0000001   0.0000 300.0000 13.74000000    02
LEO-PNT-Phase3 28
1 00029U 00000ABC 00001.00000000  .00000000  00000-0  00000+0 0    04
2 00029  75.0000  36.0000 0000001   0.0000 324.0000 13.74000000    09
LEO-PNT-Phase3 29
1 00030U 00000ABC 00001.00000000  .00000000  00000-0  00000+0 0    06
2 00030  75.0000  36.0000 0000001   0.0000 348.0000 13.74000000    07
LEO-PNT-Phase3 30
1 00031U 00000ABC 00001.00000000  .00000000  00000-0  00000+0 0    07
2 00031  75.0000  72.0000 0000001   0.0000   0.0000 13.74000000    03
LEO-PNT-Phase3 31
1 00032U 00000ABC 00001.00000000  .00000000  00000-0  00000+0 0    08
2 00032  75.0000  72.0000 0000001   0.0000  24.0000 13.74000000    00
LEO-PNT-Phase3 32
1 00033U 00000ABC 00001.00000000  .00000000  00000-0  00000+0 0    09
2 00033  75.0000  72.0000 0000001   0.0000  48.0000 13.74000000    07
LEO-PNT-Phase3 33
1 00034U 00000ABC 00001.00000000  .00000000  00000-0  00000+0 0    00
2 00034  75.0000  72.0000 0000001   0.0000  72.0000 13.74000000    05
LEO-PNT-Phase3 34
1 00035U 00000ABC 00001.00000000  .00000000  00000-0  00000+0 0    01
2 00035  75.0000  72.0000 0000001   0.0000  96.0000 13.74000000    02
LEO-PNT-Phase3 35
1 00036U 00000ABC 00001.00000000  .00000000  00000-0  00000+0 0    02
2 00036  75.0000  72.0000 0000001   0.0000 120.0000 13.74000000    01
LEO-PNT-Phase3 36
1 00037U 00000ABC 00001.00000000  .00000000  00000-0  00000+0 0    03
2 00037  75.0000  72.0000 0000001   0.0000 144.0000 13.74000000    08
LEO-PNT-Phase3 37
1 00038U 00000ABC 00001.00000000  .00000000  00000-0  00000+0 0    04
2 00038  75.0000  72.0000 0000001   0.0000 168.0000 13.74000000    05
LEO-PNT-Phase3 38
1 00039U 00000ABC 00001.00000000  .00000000  00000-0  00000+0 0    05
2 00039  75.0000  72.0000 0000001   0.0000 192.0000 13.74000000    03
LEO-PNT-Phase3 39
1 00040U 00000ABC 00001.00000000  .00000000  00000-0  00000+0 0    07
2 00040  75.0000  72.0000 0000001   0.0000 216.0000 13.74000000    02
LEO-PNT-Phase3 40
1 00041U 00000ABC 00001.00000000  .00000000  00000-0  00000+0 0    08
2 00041  75.0000  72.0000 0000001   0.0000 240.0000 13.74000000    00
LEO-PNT-Phase3 41
1 00042U 00000ABC 00001.00000000  .00000000  00000-0  00000+0 0    09
2 00042  75.0000  72.0000 0000001   0.0000 264.0000 13.74000000    07
LEO-PNT-Phase3 42
1 00043U 00000ABC 00001.00000000  .00000000  00000-0  00000+0 0    00
2 00043  75.0000  72.0000 0000001   0.0000 288.0000 13.74000000    04
LEO-PNT-Phase3 43
1 00044U 00000ABC 00001.00000000  .00000000  00000-0  00000+0 0    01
2 00044  75.0000  72.0000 0000001   0.0000 312.0000 13.74000000    03
LEO-PNT-Phase3 44
1 00045U 00000ABC 00001.00000000  .00000000  00000-0  00000+0 0    02
2 00045  75.0000  72.0000 0000001   0.0000 336.0000 13.74000000    00
LEO-PNT-Phase3 45
1 00046U 00000ABC 00001.00000000  .00000000  00000-0  00000+0 0    03
2 00046  75.0000 108.0000 0000001   0.0000  12.0000 13.74000000    02
LEO-PNT-Phase3 46
1 00047U 00000ABC 00001.00000000  .00000000  00000-0  00000+0 0    04
2 00047  75.0000 108.0000 0000001   0.0000  36.0000 13.74000000    09
LEO-PNT-Phase3 47
1 00048U 00000ABC 00001.00000000  .00000000  00000-0  00000+0 0    05
2 00048  75.0000 108.0000 0000001   0.0000  60.0000 13.74000000    07
LEO-PNT-Phase3 48
1 00049U 00000ABC 00001.00000000  .00000000  00000-0  00000+0 0    06
2 00049  75.0000 108.0000 0000001   0.0000  84.0000 13.74000000    04
LEO-PNT-Phase3 49
1 00050U 00000ABC 00001.00000000  .00000000  00000-0  00000+0 0    08
2 00050  75.0000 108.0000 0000001   0.0000 108.0000 13.74000000    03
LEO-PNT-Phase3 50
1 00051U 00000ABC 00001.00000000  .00000000  00000-0  00000+0 0    09
2 00051  75.0000 108.0000 0000001   0.0000 132.0000 13.74000000    01
LEO-PNT-Phase3 51
1 00052U 00000ABC 00001.00000000  .00000000  00000-0  00000+0 0    00
2 00052  75.0000 108.0000 0000001   0.0000 156.0000 13.74000000    08
LEO-PNT-Phase3 52
1 00053U 00000ABC 00001.00000000  .00000000  00000-0  00000+0 0    01
2 00053  75.0000 108.0000 0000001   0.0000 180.0000 13.74000000    06
LEO-PNT-Phase3 53
1 00054U 00000ABC 00001.00000000  .00000000  00000-0  00000+0 0    02
2 00054  75.0000 108.0000 0000001   0.0000 204.0000 13.74000000    04
LEO-PNT-Phase3 54
1 00055U 00000ABC 00001.00000000  .00000000  00000-0  00000+0 0    03
2 00055  75.0000 108.0000 0000001   0.0000 228.0000 13.74000000    01
LEO-PNT-Phase3 55
1 00056U 00000ABC 00001.00000000  .00000000  00000-0  00000+0 0    04
2 00056  75.0000 108.0000 0000001   0.0000 252.0000 13.74000000    09
LEO-PNT-Phase3 56
1 00057U 00000ABC 00001.00000000  .00000000  00000-0  00000+0 0    05
2 00057  75.0000 108.0000 0000001   0.0000 276.0000 13.74000000    06
LEO-PNT-Phase3 57
1 00058U 00000ABC 00001.00000000  .00000000  00000-0  00000+0 0    06
2 00058  75.0000 108.0000 0000001   0.0000 300.0000 13.74000000    05
LEO-PNT-Phase3 58
1 00059U 00000ABC 00001.00000000  .00000000  00000-0  00000+0 0    07
2 00059  75.0000 108.0000 0000001   0.0000 324.0000 13.74000000    02
LEO-PNT-Phase3 59
1 00060U 00000ABC 00001.00000000  .00000000  00000-0  00000+0 0    09
2 00060  75.0000 108.0000 0000001   0.0000 348.0000 13.74000000    00
LEO-PNT-Phase3 60
1 00061U 00000ABC 00001.00000000  .00000000  00000-0  00000+0 0    00
2 00061  75.0000 144.0000 0000001   0.0000   0.0000 13.74000000    06
LEO-PNT-Phase3 61
1 00062U 00000ABC 00001.00000000  .00000000  00000-0  00000+0 0    01
2 00062  75.0000 144.0000 0000001   0.0000  24.0000 13.74000000    03
LEO-PNT-Phase3 62
1 00063U 00000ABC 00001.00000000  .00000000  00000-0  00000+0 0    02
2 00063  75.0000 144.0000 0000001   0.0000  48.0000 13.74000000    00
LEO-PNT-Phase3 63
1 00064U 00000ABC 00001.00000000  .00000000  00000-0  00000+0 0    03
2 00064  75.0000 144.0000 0000001   0.0000  72.0000 13.74000000    08
LEO-PNT-Phase3 64
1 00065U 00000ABC 00001.00000000  .00000000  00000-0  00000+0 0    04
2 00065  75.0000 144.0000 0000001   0.0000  96.0000 13.74000000    05
LEO-PNT-Phase3 65
1 00066U 00000ABC 00001.00000000  .00000000  00000-0  00000+0 0    05
2 00066  75.0000 144.0000 0000001   0.0000 120.0000 13.74000000    04
LEO-PNT-Phase3 66
1 00067U 00000ABC 00001.00000000  .00000000  00000-0  00000+0 0    06
2 00067  75.0000 144.0000 0000001   0.0000 144.0000 13.74000000    01
LEO-PNT-Phase3 67
1 00068U 00000ABC 00001.00000000  .00000000  00000-0  00000+0 0    07
2 00068  75.0000 144.0000 0000001   0.0000 168.0000 13.74000000    08
LEO-PNT-Phase3 68
1 00069U 00000ABC 00001.00000000  .00000000  00000-0  00000+0 0    08
2 00069  75.0000 144.0000 0000001   0.0000 192.0000 13.74000000    06
LEO-PNT-Phase3 69
1 00070U 00000ABC 00001.00000000  .00000000  00000-0  00000+0 0    00
2 00070  75.0000 144.0000 0000001   0.0000 216.0000 13.74000000    05
LEO-PNT-Phase3 70
1 00071U 00000ABC 00001.00000000  .00000000  00000-0  00000+0 0    01
2 00071  75.0000 144.0000 0000001   0.0000 240.0000 13.74000000    03
LEO-PNT-Phase3 71
1 00072U 00000ABC 00001.00000000  .00000000  00000-0  00000+0 0    02
2 00072  75.0000 144.0000 0000001   0.0000 264.0000 13.74000000    00
LEO-PNT-Phase3 72
1 00073U 00000ABC 00001.00000000  .00000000  00000-0  00000+0 0    03
2 00073  75.0000 144.0000 0000001   0.0000 288.0000 13.74000000    07
LEO-PNT-Phase3 73
1 00074U 00000ABC 00001.00000000  .00000000  00000-0  00000+0 0    04
2 00074  75.0000 144.0000 0000001   0.0000 312.0000 13.74000000    06
LEO-PNT-Phase3 74
1 00075U 00000ABC 00001.00000000  .00000000  00000-0  00000+0 0    05
2 00075  75.0000 144.0000 0000001   0.0000 336.0000 13.74000000    03
LEO-PNT-Phase3 75
1 00076U 00000ABC 00001.00000000  .00000000  00000-0  00000+0 0    06
2 00076  75.0000 180.0000 0000001   0.0000  12.0000 13.74000000    05
LEO-PNT-Phase3 76
1 00077U 00000ABC 00001.00000000  .00000000  00000-0  00000+0 0    07
2 00077  75.0000 180.0000 0000001   0.0000  36.0000 13.74000000    02
LEO-PNT-Phase3 77
1 00078U 00000ABC 00001.00000000  .00000000  00000-0  00000+0 0    08
2 00078  75.0000 180.0000 0000001   0.0000  60.0000 13.74000000    00
LEO-PNT-Phase3 78
1 00079U 00000ABC 00001.00000000  .00000000  00000-0  00000+0 0    09
2 00079  75.0000 180.0000 0000001   0.0000  84.0000 13.74000000    07
LEO-PNT-Phase3 79
1 00080U 00000ABC 00001.00000000  .00000000  00000-0  00000+0 0    01
2 00080  75.0000 180.0000 0000001   0.0000 108.0000 13.74000000    06
LEO-PNT-Phase3 80
1 00081U 00000ABC 00001.00000000  .00000000  00000-0  00000+0 0    02
2 00081  75.0000 180.0000 0000001   0.0000 132.0000 13.74000000    04
LEO-PNT-Phase3 81
1 00082U 00000ABC 00001.00000000  .00000000  00000-0  00000+0 0    03
2 00082  75.0000 180.0000 0000001   0.0000 156.0000 13.74000000    01
LEO-PNT-Phase3 82
1 00083U 00000ABC 00001.00000000  .00000000  00000-0  00000+0 0    04
2 00083  75.0000 180.0000 0000001   0.0000 180.0000 13.74000000    09
LEO-PNT-Phase3 83
1 00084U 00000ABC 00001.00000000  .00000000  00000-0  00000+0 0    05
2 00084  75.0000 180.0000 0000001   0.0000 204.0000 13.74000000    07
LEO-PNT-Phase3 84
1 00085U 00000ABC 00001.00000000  .00000000  00000-0  00000+0 0    06
2 00085  75.0000 180.0000 0000001   0.0000 228.0000 13.74000000    04
LEO-PNT-Phase3 85
1 00086U 00000ABC 00001.00000000  .00000000  00000-0  00000+0 0    07
2 00086  75.0000 180.0000 0000001   0.0000 252.0000 13.74000000    02
LEO-PNT-Phase3 86
1 00087U 00000ABC 00001.00000000  .00000000  00000-0  00000+0 0    08
2 00087  75.0000 180.0000 0000001   0.0000 276.0000 13.74000000    09
LEO-PNT-Phase3 87
1 00088U 00000ABC 00001.00000000  .00000000  00000-0  00000+0 0    09
2 00088  75.0000 180.0000 0000001   0.0000 300.0000 13.74000000    08
LEO-PNT-Phase3 88
1 00089U 00000ABC 00001.00000000  .00000000  00000-0  00000+0 0    00
2 00089  75.0000 180.0000 0000001   0.0000 324.0000 13.74000000    05
LEO-PNT-Phase3 89
1 00090U 00000ABC 00001.00000000  .00000000  00000-0  00000+0 0    02
2 00090  75.0000 180.0000 0000001   0.0000 348.0000 13.74000000    03
LEO-PNT-Phase3 90
1 00091U 00000ABC 00001.00000000  .00000000  00000-0  00000+0 0    03
2 00091  75.0000 216.0000 0000001   0.0000   0.0000 13.74000000    09
LEO-PNT-Phase3 91
1 00092U 00000ABC 00001.00000000  .00000000  00000-0  00000+0 0    04
2 00092  75.0000 216.0000 0000001   0.0000  24.0000 13.74000000    06
LEO-PNT-Phase3 92
1 00093U 00000ABC 00001.00000000  .00000000  00000-0  00000+0 0    05
2 00093  75.0000 216.0000 0000001   0.0000  48.0000 13.74000000    03
LEO-PNT-Phase3 93
1 00094U 00000ABC 00001.00000000  .00000000  00000-0  00000+0 0    06
2 00094  75.0000 216.0000 0000001   0.0000  72.0000 13.74000000    01
LEO-PNT-Phase3 94
1 00095U 00000ABC 00001.00000000  .00000000  00000-0  00000+0 0    07
2 00095  75.0000 216.0000 0000001   0.0000  96.0000 13.74000000    08
LEO-PNT-Phase3 95
1 00096U 00000ABC 00001.00000000  .00000000  00000-0  00000+0 0    08
2 00096  75.0000 216.0000 0000001   0.0000 120.0000 13.74000000    07
LEO-PNT-Phase3 96
1 00097U 00000ABC 00001.00000000  .00000000  00000-0  00000+0 0    09
2 00097  75.0000 216.0000 0000001   0.0000 144.0000 13.74000000    04
LEO-PNT-Phase3 97
1 00098U 00000ABC 00001.00000000  .00000000  00000-0  00000+0 0    00
2 00098  75.0000 216.0000 0000001   0.0000 168.0000 13.74000000    01
LEO-PNT-Phase3 98
1 00099U 00000ABC 00001.00000000  .00000000  00000-0  00000+0 0    01
2 00099  75.0000 216.0000 0000001   0.0000 192.0000 13.74000000    09
LEO-PNT-Phase3 99
1 00100U 00000ABC 00001.00000000  .00000000  00000-0  00000+0 0    04
2 00100  75.0000 216.0000 0000001   0.0000 216.0000 13.74000000    09
LEO-PNT-Phase3 100
1 00101U 00000ABC 00001.00000000  .00000000  00000-0  00000+0 0    05
2 00101  75.0000 216.0000 0000001   0.0000 240.0000 13.74000000    07
LEO-PNT-Phase3 101
1 00102U 00000ABC 00001.00000000  .00000000  00000-0  00000+0 0    06
2 00102  75.0000 216.0000 0000001   0.0000 264.0000 13.74000000    04
LEO-PNT-Phase3 102
1 00103U 00000ABC 00001.00000000  .00000000  00000-0  00000+0 0    07
2 00103  75.0000 216.0000 0000001   0.0000 288.0000 13.74000000    01
LEO-PNT-Phase3 103
1 00104U 00000ABC 00001.00000000  .00000000  00000-0  00000+0 0    08
2 00104  75.0000 216.0000 0000001   0.0000 312.0000 13.74000000    00
LEO-PNT-Phase3 104
1 00105U 00000ABC 00001.00000000  .00000000  00000-0  00000+0 0    09
2 00105  75.0000 216.0000 0000001   0.0000 336.0000 13.74000000    07
LEO-PNT-Phase3 105
1 00106U 00000ABC 00001.00000000  .00000000  00000-0  00000+0 0    00
2 00106  75.0000 252.0000 0000001   0.0000  12.0000 13.74000000    09
LEO-PNT-Phase3 106
1 00107U 00000ABC 00001.00000000  .00000000  00000-0  00000+0 0    01
2 00107  75.0000 252.0000 0000001   0.0000  36.0000 13.74000000    06
LEO-PNT-Phase3 107
1 00108U 00000ABC 00001.00000000  .00000000  00000-0  00000+0 0    02
2 00108  75.0000 252.0000 0000001   0.0000  60.0000 13.74000000    04
LEO-PNT-Phase3 108
1 00109U 00000ABC 00001.00000000  .00000000  00000-0  00000+0 0    03
2 00109  75.0000 252.0000 0000001   0.0000  84.0000 13.74000000    01
LEO-PNT-Phase3 109
1 00110U 00000ABC 00001.00000000  .00000000  00000-0  00000+0 0    05
2 00110  75.0000 252.0000 0000001   0.0000 108.0000 13.74000000    00
LEO-PNT-Phase3 110
1 00111U 00000ABC 00001.00000000  .00000000  00000-0  00000+0 0    06
2 00111  75.0000 252.0000 0000001   0.0000 132.0000 13.74000000    08
LEO-PNT-Phase3 111
1 00112U 00000ABC 00001.00000000  .00000000  00000-0  00000+0 0    07
2 00112  75.0000 252.0000 0000001   0.0000 156.0000 13.74000000    05
LEO-PNT-Phase3 112
1 00113U 00000ABC 00001.00000000  .00000000  00000-0  00000+0 0    08
2 00113  75.0000 252.0000 0000001   0.0000 180.0000 13.74000000    03
LEO-PNT-Phase3 113
1 00114U 00000ABC 00001.00000000  .00000000  00000-0  00000+0 0    09
2 00114  75.0000 252.0000 0000001   0.0000 204.0000 13.74000000    01
LEO-PNT-Phase3 114
1 00115U 00000ABC 00001.00000000  .00000000  00000-0  00000+0 0    00
2 00115  75.0000 252.0000 0000001   0.0000 228.0000 13.74000000    08
LEO-PNT-Phase3 115
1 00116U 00000ABC 00001.00000000  .00000000  00000-0  00000+0 0    01
2 00116  75.0000 252.0000 0000001   0.0000 252.0000 13.74000000    06
LEO-PNT-Phase3 116
1 00117U 00000ABC 00001.00000000  .00000000  00000-0  00000+0 0    02
2 00117  75.0000 252.0000 0000001   0.0000 276.0000 13.74000000    03
LEO-PNT-Phase3 117
1 00118U 00000ABC 00001.00000000  .00000000  00000-0  00000+0 0    03
2 00118  75.0000 252.0000 0000001   0.0000 300.0000 13.74000000    02
LEO-PNT-Phase3 118
1 00119U 00000ABC 00001.00000000  .00000000  00000-0  00000+0 0    04
2 00119  75.0000 252.0000 0000001   0.0000 324.0000 13.74000000    09
LEO-PNT-Phase3 119
1 00120U 00000ABC 00001.00000000  .00000000  00000-0  00000+0 0    06
2 00120  75.0000 252.0000 0000001   0.0000 348.0000 13.74000000    07
LEO-PNT-Phase3 120
1 00121U 00000ABC 00001.00000000  .00000000  00000-0  00000+0 0    07
2 00121  75.0000 288.0000 0000001   0.0000   0.0000 13.74000000    02
LEO-PNT-Phase3 121
1 00122U 00000ABC 00001.00000000  .00000000  00000-0  00000+0 0    08
2 00122  75.0000 288.0000 0000001   0.0000  24.0000 13.74000000    09
LEO-PNT-Phase3 122
1 00123U 00000ABC 00001.00000000  .00000000  00000-0  00000+0 0    09
2 00123  75.0000 288.0000 0000001   0.0000  48.0000 13.74000000    06
LEO-PNT-Phase3 123
1 00124U 00000ABC 00001.00000000  .00000000  00000-0  00000+0 0    00
2 00124  75.0000 288.0000 0000001   0.0000  72.0000 13.74000000    04
LEO-PNT-Phase3 124
1 00125U 00000ABC 00001.00000000  .00000000  00000-0  00000+0 0    01
2 00125  75.0000 288.0000 0000001   0.0000  96.0000 13.74000000    01
LEO-PNT-Phase3 125
1 00126U 00000ABC 00001.00000000  .00000000  00000-0  00000+0 0    02
2 00126  75.0000 288.0000 0000001   0.0000 120.0000 13.74000000    00
LEO-PNT-Phase3 126
1 00127U 00000ABC 00001.00000000  .00000000  00000-0  00000+0 0    03
2 00127  75.0000 288.0000 0000001   0.0000 144.0000 13.74000000    07
LEO-PNT-Phase3 127
1 00128U 00000ABC 00001.00000000  .00000000  00000-0  00000+0 0    04
2 00128  75.0000 288.0000 0000001   0.0000 168.0000 13.74000000    04
LEO-PNT-Phase3 128
1 00129U 00000ABC 00001.00000000  .00000000  00000-0  00000+0 0    05
2 00129  75.0000 288.0000 0000001   0.0000 192.0000 13.74000000    02
LEO-PNT-Phase3 129
1 00130U 00000ABC 00001.00000000  .00000000  00000-0  00000+0 0    07
2 00130  75.0000 288.0000 0000001   0.0000 216.0000 13.74000000    01
LEO-PNT-Phase3 130
1 00131U 00000ABC 00001.00000000  .00000000  00000-0  00000+0 0    08
2 00131  75.0000 288.0000 0000001   0.0000 240.0000 13.74000000    09
LEO-PNT-Phase3 131
1 00132U 00000ABC 00001.00000000  .00000000  00000-0  00000+0 0    09
2 00132  75.0000 288.0000 0000001   0.0000 264.0000 13.74000000    06
LEO-PNT-Phase3 132
1 00133U 00000ABC 00001.00000000  .00000000  00000-0  00000+0 0    00
2 00133  75.0000 288.0000 0000001   0.0000 288.0000 13.74000000    03
LEO-PNT-Phase3 133
1 00134U 00000ABC 00001.00000000  .00000000  00000-0  00000+0 0    01
2 00134  75.0000 288.0000 0000001   0.0000 312.0000 13.74000000    02
LEO-PNT-Phase3 134
1 00135U 00000ABC 00001.00000000  .00000000  00000-0  00000+0 0    02
2 00135  75.0000 288.0000 0000001   0.0000 336.0000 13.74000000    09
LEO-PNT-Phase3 135
1 00136U 00000ABC 00001.00000000  .00000000  00000-0  00000+0 0    03
2 00136  75.0000 324.0000 0000001   0.0000  12.0000 13.74000000    02
LEO-PNT-Phase3 136
1 00137U 00000ABC 00001.00000000  .00000000  00000-0  00000+0 0    04
2 00137  75.0000 324.0000 0000001   0.0000  36.0000 13.74000000    09
LEO-PNT-Phase3 137
1 00138U 00000ABC 00001.00000000  .00000000  00000-0  00000+0 0    05
2 00138  75.0000 324.0000 0000001   0.0000  60.0000 13.74000000    07
LEO-PNT-Phase3 138
1 00139U 00000ABC 00001.00000000  .00000000  00000-0  00000+0 0    06
2 00139  75.0000 324.0000 0000001   0.0000  84.0000 13.74000000    04
LEO-PNT-Phase3 139
1 00140U 00000ABC 00001.00000000  .00000000  00000-0  00000+0 0    08
2 00140  75.0000 324.0000 0000001   0.0000 108.0000 13.74000000    03
LEO-PNT-Phase3 140
1 00141U 00000ABC 00001.00000000  .00000000  00000-0  00000+0 0    09
2 00141  75.0000 324.0000 0000001   0.0000 132.0000 13.74000000    01
LEO-PNT-Phase3 141
1 00142U 00000ABC 00001.00000000  .00000000  00000-0  00000+0 0    00
2 00142  75.0000 324.0000 0000001   0.0000 156.0000 13.74000000    08
LEO-PNT-Phase3 142
1 00143U 00000ABC 00001.00000000  .00000000  00000-0  00000+0 0    01
2 00143  75.0000 324.0000 0000001   0.0000 180.0000 13.74000000    06
LEO-PNT-Phase3 143
1 00144U 00000ABC 00001.00000000  .00000000  00000-0  00000+0 0    02
2 00144  75.0000 324.0000 0000001   0.0000 204.0000 13.74000000    04
LEO-PNT-Phase3 144
1 00145U 00000ABC 00001.00000000  .00000000  00000-0  00000+0 0    03
2 00145  75.0000 324.0000 0000001   0.0000 228.0000 13.74000000    01
LEO-PNT-Phase3 145
1 00146U 00000ABC 00001.00000000  .00000000  00000-0  00000+0 0    04
2 00146  75.0000 324.0000 0000001   0.0000 252.0000 13.74000000    09
LEO-PNT-Phase3 146
1 00147U 00000ABC 00001.00000000  .00000000  00000-0  00000+0 0    05
2 00147  75.0000 324.0000 0000001   0.0000 276.0000 13.74000000    06
LEO-PNT-Phase3 147
1 00148U 00000ABC 00001.00000000  .00000000  00000-0  00000+0 0    06
2 00148  75.0000 324.0000 0000001   0.0000 300.0000 13.74000000    05
LEO-PNT-Phase3 148
1 00149U 00000ABC 00001.00000000  .00000000  00000-0  00000+0 0    07
2 00149  75.0000 324.0000 0000001   0.0000 324.0000 13.74000000    02
LEO-PNT-Phase3 149
1 00150U 00000ABC 00001.00000000  .00000000  00000-0  00000+0 0    09
2 00150  75.0000 324.0000 0000001   0.0000 348.0000 13.74000000    00
