2 6
LEO-PNT-Phase1 0
1 00001U 00000ABC 00001.00000000  .00000000  00000-0  00000+0 0    04
2 00001  87.0000   0.0000 0000001   0.0000   0.0000 13.74000000    04
LEO-PNT-Phase1 1
1 00002U 00000ABC 00001.00000000  .00000000  00000-0  00000+0 0    05
2 00002  87.0000   0.0000 0000001   0.0000  60.0000 13.74000000    01
LEO-PNT-Phase1 2
1 00003U 00000ABC 00001.00000000  .00000000  00000-0  00000+0 0    06
2 00003  87.0000   0.0000 0000001   0.0000 120.0000 13.74000000    09
LEO-PNT-Phase1 3
1 00004U 00000ABC 00001.00000000  .00000000  00000-0  00000+0 0    07
2 00004  87.0000   0.0000 0000001   0.0000 180.0000 13.74000000    06
LEO-PNT-Phase1 4
1 00005U 00000ABC 00001.00000000  .00000000  00000-0  00000+0 0    08
2 00005  87.0000   0.0000 0000001   0.0000 240.0000 13.74000000    04
LEO-PNT-Phase1 5
1 00006U 00000ABC 00001.00000000  .00000000  00000-0  00000+0 0    09
2 00006  87.0000   0.0000 0000001   0.0000 300.0000 13.74000000    02
LEO-PNT-Phase1 6
1 00007U 00000ABC 00001.00000000  .00000000  00000-0  00000+0 0    00
2 00007  87.0000 180.0000 0000001   0.0000  30.0000 13.74000000    02
LEO-PNT-Phase1 7
1 00008U 00000ABC 00001.00000000  .00000000  00000-0  00000+0 0    01
2 00008  87.0000 180.0000 0000001   0.0000  90.0000 13.74000000    09
LEO-PNT-Phase1 8
1 00009U 00000ABC 00001.00000000  .00000000  00000-0  00000+0 0    02
2 00009  87.0000 180.0000 0000001   0.0000 150.0000 13.74000000    07
LEO-PNT-Phase1 9
1 00010U 00000ABC 00001.00000000  .00000000  00000-0  00000+0 0    04
2 00010  87.0000 180.0000 0000001   0.0000 210.0000 13.74000000    06
LEO-PNT-Phase1 10
1 00011U 00000ABC 00001.00000000  .00000000  00000-0  00000+0 0    05
2 00011  87.0000 180.0000 0000001   0.0000 270.0000 13.74000000    03
LEO-PNT-Phase1 11
1 00012U 00000ABC 00001.00000000  .00000000  00000-0  00000+0 0    06
2 00012  87.0000 180.0000 0000001   0.0000 330.0000 13.74000000    01
