6 8
LEO-PNT-CentralRU 0
1 00001U 00000ABC 00001.00000000  .00000000  00000-0  00000+0 0    04
2 00001  87.0000   0.0000 0000001   0.0000   0.0000 14.76000000    07
LEO-PNT-CentralRU 1
1 00002U 00000ABC 00001.00000000  .00000000  00000-0  00000+0 0    05
2 00002  87.0000   0.0000 0000001   0.0000  45.0000 14.76000000    07
LEO-PNT-CentralRU 2
1 00003U 00000ABC 00001.00000000  .00000000  00000-0  00000+0 0    06
2 00003  87.0000   0.0000 0000001   0.0000  90.0000 14.76000000    08
LEO-PNT-CentralRU 3
1 00004U 00000ABC 00001.00000000  .00000000  00000-0  00000+0 0    07
2 00004  87.0000   0.0000 0000001   0.0000 135.0000 14.76000000    09
LEO-PNT-CentralRU 4
1 00005U 00000ABC 00001.00000000  .00000000  00000-0  00000+0 0    08
2 00005  87.0000   0.0000 0000001   0.0000 180.0000 14.76000000    00
LEO-PNT-CentralRU 5
1 00006U 00000ABC 00001.00000000  .00000000  00000-0  00000+0 0    09
2 00006  87.0000   0.0000 0000001   0.0000 225.0000 14.76000000    01
LEO-PNT-CentralRU 6
1 00007U 00000ABC 00001.00000000  .00000000  00000-0  00000+0 0    00
2 00007  87.0000   0.0000 0000001   0.0000 270.0000 14.76000000    02
LEO-PNT-CentralRU 7
1 00008U 00000ABC 00001.00000000  .00000000  00000-0  00000+0 0    01
2 00008  87.0000   0.0000 0000001   0.0000 315.0000 14.76000000    03
LEO-PNT-CentralRU 8
1 00009U 00000ABC 00001.00000000  .00000000  00000-0  00000+0 0    02
2 00009  87.0000  60.0000 0000001   0.0000  22.5000 14.76000000    00
LEO-PNT-CentralRU 9
1 00010U 00000ABC 00001.00000000  .00000000  00000-0  00000+0 0    04
2 00010  87.0000  60.0000 0000001   0.0000  67.5000 14.76000000    01
LEO-PNT-CentralRU 10
1 00011U 00000ABC 00001.00000000  .00000000  00000-0  00000+0 0    05
2 00011  87.0000  60.0000 0000001   0.0000 112.5000 14.76000000    03
LEO-PNT-CentralRU 11
1 00012U 00000ABC 00001.00000000  .00000000  00000-0  00000+0 0    06
2 00012  87.0000  60.0000 0000001   0.0000 157.5000 14.76000000    03
LEO-PNT-CentralRU 12
1 00013U 00000ABC 00001.00000000  .00000000  00000-0  00000+0 0    07
2 00013  87.0000  60.0000 0000001   0.0000 202.5000 14.76000000    05
LEO-PNT-CentralRU 13
1 00014U 00000ABC 00001.00000000  .00000000  00000-0  00000+0 0    08
2 00014  87.0000  60.0000 0000001   0.0000 247.5000 14.76000000    05
LEO-PNT-CentralRU 14
1 00015U 00000ABC 00001.00000000  .00000000  00000-0  00000+0 0    09
2 00015  87.0000  60.0000 0000001   0.0000 292.5000 14.76000000    06
LEO-PNT-CentralRU 15
1 00016U 00000ABC 00001.00000000  .00000000  00000-0  00000+0 0    00
2 00016  87.0000  60.0000 0000001   0.0000 337.5000 14.76000000    07
LEO-PNT-CentralRU 16
1 00017U 00000ABC 00001.00000000  .00000000  00000-0  00000+0 0    01
2 00017  87.0000 120.0000 0000001   0.0000   0.0000 14.76000000    07
LEO-PNT-CentralRU 17
1 00018U 00000ABC 00001.00000000  .00000000  00000-0  00000+0 0    02
2 00018  87.0000 120.0000 0000001   0.0000  45.0000 14.76000000    07
LEO-PNT-CentralRU 18
1 00019U 00000ABC 00001.00000000  .00000000  00000-0  00000+0 0    03
2 00019  87.0000 120.0000 0000001   0.0000  90.0000 14.76000000    08
LEO-PNT-CentralRU 19
1 00020U 00000ABC 00001.00000000  .00000000  00000-0  00000+0 0    05
2 00020  87.0000 120.0000 0000001   0.0000 135.0000 14.76000000    00
LEO-PNT-CentralRU 20
1 00021U 00000ABC 00001.00000000  .00000000  00000-0  00000+0 0    06
2 00021  87.0000 120.0000 0000001   0.0000 180.0000 14.76000000    01
LEO-PNT-CentralRU 21
1 00022U 00000ABC 00001.00000000  .00000000  00000-0  00000+0 0    07
2 00022  87.0000 120.0000 0000001   0.0000 225.0000 14.76000000    02
LEO-PNT-CentralRU 22
1 00023U 00000ABC 00001.00000000  .00000000  00000-0  00000+0 0    08
2 00023  87.0000 120.0000 0000001   0.0000 270.0000 14.76000000    03
LEO-PNT-CentralRU 23
1 00024U 00000ABC 00001.00000000  .00000000  00000-0  00000+0 0    09
2 00024  87.0000 120.0000 0000001   0.0000 315.0000 14.76000000    04
LEO-PNT-CentralRU 24
1 00025U 00000ABC 00001.00000000  .00000000  00000-0  00000+0 0    00
2 00025  87.0000 180.0000 0000001   0.0000  22.5000 14.76000000    01
LEO-PNT-CentralRU 25
1 00026U 00000ABC 00001.00000000  .00000000  00000-0  00000+0 0    01
2 00026  87.0000 180.0000 0000001   0.0000  67.5000 14.76000000    01
LEO-PNT-CentralRU 26
1 00027U 00000ABC 00001.00000000  .00000000  00000-0  00000+0 0    02
2 00027  87.0000 180.0000 0000001   0.0000 112.5000 14.76000000    03
LEO-PNT-CentralRU 27
1 00028U 00000ABC 00001.00000000  .00000000  00000-0  00000+0 0    03
2 00028  87.0000 180.0000 0000001   0.0000 157.5000 14.76000000    03
LEO-PNT-CentralRU 28
1 00029U 00000ABC 00001.00000000  .00000000  00000-0  00000+0 0    04
2 00029  87.0000 180.0000 0000001   0.0000 202.5000 14.76000000    05
LEO-PNT-CentralRU 29
1 00030U 00000ABC 00001.00000000  .00000000  00000-0  00000+0 0    06
2 00030  87.0000 180.0000 0000001   0.0000 247.5000 14.76000000    06
LEO-PNT-CentralRU 30
1 00031U 00000ABC 00001.00000000  .00000000  00000-0  00000+0 0    07
2 00031  87.0000 180.0000 0000001   0.0000 292.5000 14.76000000    07
LEO-PNT-CentralRU 31
1 00032U 00000ABC 00001.00000000  .00000000  00000-0  00000+0 0    08
2 00032  87.0000 180.0000 0000001   0.0000 337.5000 14.76000000    08
LEO-PNT-CentralRU 32
1 00033U 00000ABC 00001.00000000  .00000000  00000-0  00000+0 0    09
2 00033  87.0000 240.0000 0000001   0.0000   0.0000 14.76000000    08
LEO-PNT-CentralRU 33
1 00034U 00000ABC 00001.00000000  .00000000  00000-0  00000+0 0    00
2 00034  87.0000 240.0000 0000001   0.0000  45.0000 14.76000000    08
LEO-PNT-CentralRU 34
1 00035U 00000ABC 00001.00000000  .00000000  00000-0  00000+0 0    01
2 00035  87.0000 240.0000 0000001   0.0000  90.0000 14.76000000    09
LEO-PNT-CentralRU 35
1 00036U 00000ABC 00001.00000000  .00000000  00000-0  00000+0 0    02
2 00036  87.0000 240.0000 0000001   0.0000 135.0000 14.76000000    00
LEO-PNT-CentralRU 36
1 00037U 00000ABC 00001.00000000  .00000000  00000-0  00000+0 0    03
2 00037  87.0000 240.0000 0000001   0.0000 180.0000 14.76000000    01
LEO-PNT-CentralRU 37
1 00038U 00000ABC 00001.00000000  .00000000  00000-0  00000+0 0    04
2 00038  87.0000 240.0000 0000001   0.0000 225.0000 14.76000000    02
LEO-PNT-CentralRU 38
1 00039U 00000ABC 00001.00000000  .00000000  00000-0  00000+0 0    05
2 00039  87.0000 240.0000 0000001   0.0000 270.0000 14.76000000    03
LEO-PNT-CentralRU 39
1 00040U 00000ABC 00001.00000000  .00000000  00000-0  00000+0 0    07
2 00040  87.0000 240.0000 0000001   0.0000 315.0000 14.76000000    05
LEO-PNT-CentralRU 40
1 00041U 00000ABC 00001.00000000  .00000000  00000-0  00000+0 0    08
2 00041  87.0000 300.0000 0000001   0.0000  22.5000 14.76000000    03
LEO-PNT-CentralRU 41
1 00042U 00000ABC 00001.00000000  .00000000  00000-0  00000+0 0    09
2 00042  87.0000 300.0000 0000001   0.0000  67.5000 14.76000000    03
LEO-PNT-CentralRU 42
1 00043U 00000ABC 00001.00000000  .00000000  00000-0  00000+0 0    00
2 00043  87.0000 300.0000 0000001   0.0000 112.5000 14.76000000    05
LEO-PNT-CentralRU 43
1 00044U 00000ABC 00001.00000000  .00000000  00000-0  00000+0 0    01
2 00044  87.0000 300.0000 0000001   0.0000 157.5000 14.76000000    05
LEO-PNT-CentralRU 44
1 00045U 00000ABC 00001.00000000  .00000000  00000-0  00000+0 0    02
2 00045  87.0000 300.0000 0000001   0.0000 202.5000 14.76000000    07
LEO-PNT-CentralRU 45
1 00046U 00000ABC 00001.00000000  .00000000  00000-0  00000+0 0    03
2 00046  87.0000 300.0000 0000001   0.0000 247.5000 14.76000000    07
LEO-PNT-CentralRU 46
1 00047U 00000ABC 00001.00000000  .00000000  00000-0  00000+0 0    04
2 00047  87.0000 300.0000 0000001   0.0000 292.5000 14.76000000    08
LEO-PNT-CentralRU 47
1 00048U 00000ABC 00001.00000000  .00000000  00000-0  00000+0 0    05
2 00048  87.0000 300.0000 0000001   0.0000 337.5000 14.76000000    09
