3 8
GLONASS 0
1 00001U 00000ABC 00001.00000000  .00000000  00000-0  00000+0 0    04
2 00001  64.8000   0.0000 0000001   0.0000   0.0000  2.13100000    09
GLONASS 1
1 00002U 00000ABC 00001.00000000  .00000000  00000-0  00000+0 0    05
2 00002  64.8000   0.0000 0000001   0.0000  45.0000  2.13100000    09
GLONASS 2
1 00003U 00000ABC 00001.00000000  .00000000  00000-0  00000+0 0    06
2 00003  64.8000   0.0000 0000001   0.0000  90.0000  2.13100000    00
GLONASS 3
1 00004U 00000ABC 00001.00000000  .00000000  00000-0  00000+0 0    07
2 00004  64.8000   0.0000 0000001   0.0000 135.0000  2.13100000    01
GLONASS 4
1 00005U 00000ABC 00001.00000000  .00000000  00000-0  00000+0 0    08
2 00005  64.8000   0.0000 0000001   0.0000 180.0000  2.13100000    02
GLONASS 5
1 00006U 00000ABC 00001.00000000  .00000000  00000-0  00000+0 0    09
2 00006  64.8000   0.0000 0000001   0.0000 225.0000  2.13100000    03
GLONASS 6
1 00007U 00000ABC 00001.00000000  .00000000  00000-0  00000+0 0    00
2 00007  64.8000   0.0000 0000001   0.0000 270.0000  2.13100000    04
GLONASS 7
1 00008U 00000ABC 00001.00000000  .00000000  00000-0  00000+0 0    01
2 00008  64.8000   0.0000 0000001   0.0000 315.0000  2.13100000    05
GLONASS 8
1 00009U 00000ABC 00001.00000000  .00000000  00000-0  00000+0 0    02
2 00009  64.8000 120.0000 0000001   0.0000   0.0000  2.13100000    00
GLONASS 9
1 00010U 00000ABC 00001.00000000  .00000000  00000-0  00000+0 0    04
2 00010  64.8000 120.0000 0000001   0.0000  45.0000  2.13100000    01
GLONASS 10
1 00011U 00000ABC 00001.00000000  .00000000  00000-0  00000+0 0    05
2 00011  64.8000 120.0000 0000001   0.0000  90.0000  2.13100000    02
GLONASS 11
1 00012U 00000ABC 00001.00000000  .00000000  00000-0  00000+0 0    06
2 00012  64.8000 120.0000 0000001   0.0000 135.0000  2.13100000    03
GLONASS 12
1 00013U 00000ABC 00001.00000000  .00000000  00000-0  00000+0 0    07
2 00013  64.8000 120.0000 0000001   0.0000 180.0000  2.13100000    04
GLONASS 13
1 00014U 00000ABC 00001.00000000  .00000000  00000-0  00000+0 0    08
2 00014  64.8000 120.0000 0000001   0.0000 225.0000  2.13100000    05
GLONASS 14
1 00015U 00000ABC 00001.00000000  .00000000  00000-0  00000+0 0    09
2 00015  64.8000 120.0000 0000001   0.0000 270.0000  2.13100000    06
GLONASS 15
1 00016U 00000ABC 00001.00000000  .00000000  00000-0  00000+0 0    00
2 00016  64.8000 120.0000 0000001   0.0000 315.0000  2.13100000    07
GLONASS 16
1 00017U 00000ABC 00001.00000000  .00000000  00000-0  00000+0 0    01
2 00017  64.8000 240.0000 0000001   0.0000   0.0000  2.13100000    02
GLONASS 17
1 00018U 00000ABC 00001.00000000  .00000000  00000-0  00000+0 0    02
2 00018  64.8000 240.0000 0000001   0.0000  45.0000  2.13100000    02
GLONASS 18
1 00019U 00000ABC 00001.00000000  .00000000  00000-0  00000+0 0    03
2 00019  64.8000 240.0000 0000001   0.0000  90.0000  2.13100000    03
GLONASS 19
1 00020U 00000ABC 00001.00000000  .00000000  00000-0  00000+0 0    05
2 00020  64.8000 240.0000 0000001   0.0000 135.0000  2.13100000    05
GLONASS 20
1 00021U 00000ABC 00001.00000000  .00000000  00000-0  00000+0 0    06
2 00021  64.8000 240.0000 0000001   0.0000 180.0000  2.13100000    06
GLONASS 21
1 00022U 00000ABC 00001.00000000  .00000000  00000-0  00000+0 0    07
2 00022  64.8000 240.0000 0000001   0.0000 225.0000  2.13100000    07
GLONASS 22
1 00023U 00000ABC 00001.00000000  .00000000  00000-0  00000+0 0    08
2 00023  64.8000 240.0000 0000001   0.0000 270.0000  2.13100000    08
GLONASS 23
1 00024U 00000ABC 00001.00000000  .00000000  00000-0  00000+0 0    09
2 00024  64.8000 240.0000 0000001   0.0000 315.0000  2.13100000    09
