15 20
AURORA-Phase4 0
1 00001U 00000ABC 00001.00000000  .00000000  00000-0  00000+0 0    04
2 00001  75.0000   0.0000 0000001   0.0000   0.0000 13.74000000    01
AURORA-Phase4 1
1 00002U 00000ABC 00001.00000000  .00000000  00000-0  00000+0 0    05
2 00002  75.0000   0.0000 0000001   0.0000  18.0000 13.74000000    01
AURORA-Phase4 2
1 00003U 00000ABC 00001.00000000  .00000000  00000-0  00000+0 0    06
2 00003  75.0000   0.0000 0000001   0.0000  36.0000 13.74000000    02
AURORA-Phase4 3
1 00004U 00000ABC 00001.00000000  .00000000  00000-0  00000+0 0    07
2 00004  75.0000   0.0000 0000001   0.0000  54.0000 13.74000000    03
AURORA-Phase4 4
1 00005U 00000ABC 00001.00000000  .00000000  00000-0  00000+0 0    08
2 00005  75.0000   0.0000 0000001   0.0000  72.0000 13.74000000    04
AURORA-Phase4 5
1 00006U 00000ABC 00001.00000000  .00000000  00000-0  00000+0 0    09
2 00006  75.0000   0.0000 0000001   0.0000  90.0000 13.74000000    05
AURORA-Phase4 6
1 00007U 00000ABC 00001.00000000  .00000000  00000-0  00000+0 0    00
2 00007  75.0000   0.0000 0000001   0.0000 108.0000 13.74000000    06
AURORA-Phase4 7
1 00008U 00000ABC 00001.00000000  .00000000  00000-0  00000+0 0    01
2 00008  75.0000   0.0000 0000001   0.0000 126.0000 13.74000000    07
AURORA-Phase4 8
1 00009U 00000ABC 00001.00000000  .00000000  00000-0  00000+0 0    02
2 00009  75.0000   0.0000 0000001   0.0000 144.0000 13.74000000    08
AURORA-Phase4 9
1 00010U 00000ABC 00001.00000000  .00000000  00000-0  00000+0 0    04
2 00010  75.0000   0.0000 0000001   0.0000 162.0000 13.74000000    00
AURORA-Phase4 10
1 00011U 00000ABC 00001.00000000  .00000000  00000-0  00000+0 0    05
2 00011  75.0000   0.0000 0000001   0.0000 180.0000 13.74000000    01
AURORA-Phase4 11
1 00012U 00000ABC 00001.00000000  .00000000  00000-0  00000+0 0    06
2 00012  75.0000   0.0000 0000001   0.0000 198.0000 13.74000000    01
AURORA-Phase4 12
1 00013U 00000ABC 00001.00000000  .00000000  00000-0  00000+0 0    07
2 00013  75.0000   0.0000 0000001   0.0000 216.0000 13.74000000    03
AURORA-Phase4 13
1 00014U 00000ABC 00001.00000000  .00000000  00000-0  00000+0 0    08
2 00014  75.0000   0.0000 0000001   0.0000 234.0000 13.74000000    04
AURORA-Phase4 14
1 00015U 00000ABC 00001.00000000  .00000000  00000-0  00000+0 0    09
2 00015  75.0000   0.0000 0000001   0.0000 252.0000 13.74000000    05
AURORA-Phase4 15
1 00016U 00000ABC 00001.00000000  .00000000  00000-0  00000+0 0    00
2 00016  75.0000   0.0000 0000001   0.0000 270.0000 13.74000000    06
AURORA-Phase4 16
1 00017U 00000ABC 00001.00000000  .00000000  00000-0  00000+0 0    01
2 00017  75.0000   0.0000 0000001   0.0000 288.0000 13.74000000    06
AURORA-Phase4 17
1 00018U 00000ABC 00001.00000000  .00000000  00000-0  00000+0 0    02
2 00018  75.0000   0.0000 0000001   0.0000 306.0000 13.74000000    08
AURORA-Phase4 18
1 00019U 00000ABC 00001.00000000  .00000000  00000-0  00000+0 0    03
2 00019  75.0000   0.0000 0000001   0.0000 324.0000 13.74000000    09
AURORA-Phase4 19
1 00020U 00000ABC 00001.00000000  .00000000  00000-0  00000+0 0    05
2 00020  75.0000   0.0000 0000001   0.0000 342.0000 13.74000000    01
AURORA-Phase4 20
1 00021U 00000ABC 00001.00000000  .00000000  00000-0  00000+0 0    06
2 00021  75.0000  24.0000 0000001   0.0000   9.0000 13.74000000    08
AURORA-Phase4 21
1 00022U 00000ABC 00001.00000000  .00000000  00000-0  00000+0 0    07
2 00022  75.0000  24.0000 0000001   0.0000  27.0000 13.74000000    09
AURORA-Phase4 22
1 00023U 00000ABC 00001.00000000  .00000000  00000-0  00000+0 0    08
2 00023  75.0000  24.0000 0000001   0.0000  45.0000 13.74000000    00
AURORA-Phase4 23
1 00024U 00000ABC 00001.00000000  .00000000  00000-0  00000+0 0    09
2 00024  75.0000  24.0000 0000001   0.0000  63.0000 13.74000000    01
AURORA-Phase4 24
1 00025U 00000ABC 00001.00000000  .00000000  00000-0  00000+0 0    00
2 00025  75.0000  24.0000 0000001   0.0000  81.0000 13.74000000    02
AURORA-Phase4 25
1 00026U 00000ABC 00001.00000000  .00000000  00000-0  00000+0 0    01
2 00026  75.0000  24.0000 0000001   0.0000  99.0000 13.74000000    02
AURORA-Phase4 26
1 00027U 00000ABC 00001.00000000  .00000000  00000-0  00000+0 0    02
2 00027  75.0000  24.0000 0000001   0.0000 117.0000 13.74000000    04
AURORA-Phase4 27
1 00028U 00000ABC 00001.00000000  .00000000  00000-0  00000+0 0    03
2 00028  75.0000  24.0000 0000001   0.0000 135.0000 13.74000000    05
AURORA-Phase4 28
1 00029U 00000ABC 00001.00000000  .00000000  00000-0  00000+0 0    04
2 00029  75.0000  24.0000 0000001   0.0000 153.0000 13.74000000    06
AURORA-Phase4 29
1 00030U 00000ABC 00001.00000000  .00000000  00000-0  00000+0 0    06
2 00030  75.0000  24.0000 0000001   0.0000 171.0000 13.74000000    08
AURORA-Phase4 30
1 00031U 00000ABC 00001.00000000  .00000000  00000-0  00000+0 0    07
2 00031  75.0000  24.0000 0000001   0.0000 189.0000 13.74000000    08
AURORA-Phase4 31
1 00032U 00000ABC 00001.00000000  .00000000  00000-0  00000+0 0    08
2 00032  75.0000  24.0000 0000001   0.0000 207.0000 13.74000000    00
AURORA-Phase4 32
1 00033U 00000ABC 00001.00000000  .00000000  00000-0  00000+0 0    09
2 00033  75.0000  24.0000 0000001   0.0000 225.0000 13.74000000    01
AURORA-Phase4 33
1 00034U 00000ABC 00001.00000000  .00000000  00000-0  00000+0 0    00
2 00034  75.0000  24.0000 0000001   0.0000 243.0000 13.74000000    02
AURORA-Phase4 34
1 00035U 00000ABC 00001.00000000  .00000000  00000-0  00000+0 0    01
2 00035  75.0000  24.0000 0000001   0.0000 261.0000 13.74000000    03
AURORA-Phase4 35
1 00036U 00000ABC 00001.00000000  .00000000  00000-0  00000+0 0    02
2 00036  75.0000  24.0000 0000001   0.0000 279.0000 13.74000000    03
AURORA-Phase4 36
1 00037U 00000ABC 00001.00000000  .00000000  00000-0  00000+0 0    03
2 00037  75.0000  24.0000 0000001   0.0000 297.0000 13.74000000    04
AURORA-Phase4 37
1 00038U 00000ABC 00001.00000000  .00000000  00000-0  00000+0 0    04
2 00038  75.0000  24.0000 0000001   0.0000 315.0000 13.74000000    06
AURORA-Phase4 38
1 00039U 00000ABC 00001.00000000  .00000000  00000-0  00000+0 0    05
2 00039  75.0000  24.0000 0000001   0.0000 333.0000 13.74000000    07
AURORA-Phase4 39
1 00040U 00000ABC 00001.00000000  .00000000  00000-0  00000+0 0    07
2 00040  75.0000  24.0000 0000001   0.0000 351.0000 13.74000000    09
AURORA-Phase4 40
1 00041U 00000ABC 00001.00000000  .00000000  00000-0  00000+0 0    08
2 00041  75.0000  48.0000 0000001   0.0000   0.0000 13.74000000    07
AURORA-Phase4 41
1 00042U 00000ABC 00001.00000000  .00000000  00000-0  00000+0 0    09
2 00042  75.0000  48.0000 0000001   0.0000  18.0000 13.74000000    07
AURORA-Phase4 42
1 00043U 00000ABC 00001.00000000  .00000000  00000-0  00000+0 0    00
2 00043  75.0000  48.0000 0000001   0.0000  36.0000 13.74000000    08
AURORA-Phase4 43
1 00044U 00000ABC 00001.00000000  .00000000  00000-0  00000+0 0    01
2 00044  75.0000  48.0000 0000001   0.0000  54.0000 13.74000000    09
AURORA-Phase4 44
1 00045U 00000ABC 00001.00000000  .00000000  00000-0  00000+0 0    02
2 00045  75.0000  48.0000 0000001   0.0000  72.0000 13.74000000    00
AURORA-Phase4 45
1 00046U 00000ABC 00001.00000000  .00000000  00000-0  00000+0 0    03
2 00046  75.0000  48.0000 0000001   0.0000  90.0000 13.74000000    01
AURORA-Phase4 46
1 00047U 00000ABC 00001.00000000  .00000000  00000-0  00000+0 0    04
2 00047  75.0000  48.0000 0000001   0.0000 108.0000 13.74000000    02
AURORA-Phase4 47
1 00048U 00000ABC 00001.00000000  .00000000  00000-0  00000+0 0    05
2 00048  75.0000  48.0000 0000001   0.0000 126.0000 13.74000000    03
AURORA-Phase4 48
1 00049U 00000ABC 00001.00000000  .00000000  00000-0  00000+0 0    06
2 00049  75.0000  48.0000 0000001   0.0000 144.0000 13.74000000    04
AURORA-Phase4 49
1 00050U 00000ABC 00001.00000000  .00000000  00000-0  00000+0 0    08
2 00050  75.0000  48.0000 0000001   0.0000 162.0000 13.74000000    06
AURORA-Phase4 50
1 00051U 00000ABC 00001.00000000  .00000000  00000-0  00000+0 0    09
2 00051  75.0000  48.0000 0000001   0.0000 180.0000 13.74000000    07
AURORA-Phase4 51
1 00052U 00000ABC 00001.00000000  .00000000  00000-0  00000+0 0    00
2 00052  75.0000  48.0000 0000001   0.0000 198.0000 13.74000000    07
AURORA-Phase4 52
1 00053U 00000ABC 00001.00000000  .00000000  00000-0  00000+0 0    01
2 00053  75.0000  48.0000 0000001   0.0000 216.0000 13.74000000    09
AURORA-Phase4 53
1 00054U 00000ABC 00001.00000000  .00000000  00000-0  00000+0 0    02
2 00054  75.0000  48.0000 0000001   0.0000 234.0000 13.74000000    00
AURORA-Phase4 54
1 00055U 00000ABC 00001.00000000  .00000000  00000-0  00000+0 0    03
2 00055  75.0000  48.0000 0000001   0.0000 252.0000 13.74000000    01
AURORA-Phase4 55
1 00056U 00000ABC 00001.00000000  .00000000  00000-0  00000+0 0    04
2 00056  75.0000  48.0000 0000001   0.0000 270.0000 13.74000000    02
AURORA-Phase4 56
1 00057U 00000ABC 00001.00000000  .00000000  00000-0  00000+0 0    05
2 00057  75.0000  48.0000 0000001   0.0000 288.0000 13.74000000    02
AURORA-Phase4 57
1 00058U 00000ABC 00001.00000000  .00000000  00000-0  00000+0 0    06
2 00058  75.0000  48.0000 0000001   0.0000 306.0000 13.74000000    04
AURORA-Phase4 58
1 00059U 00000ABC 00001.00000000  .00000000  00000-0  00000+0 0    07
2 00059  75.0000  48.0000 0000001   0.0000 324.0000 13.74000000    05
AURORA-Phase4 59
1 00060U 00000ABC 00001.00000000  .00000000  00000-0  00000+0 0    09
2 00060  75.0000  48.0000 0000001   0.0000 342.0000 13.74000000    07
AURORA-Phase4 60
1 00061U 00000ABC 00001.00000000  .00000000  00000-0  00000+0 0    00
2 00061  75.0000  72.0000 0000001   0.0000   9.0000 13.74000000    05
AURORA-Phase4 61
1 00062U 00000ABC 00001.00000000  .00000000  00000-0  00000+0 0    01
2 00062  75.0000  72.0000 0000001   0.0000  27.0000 13.74000000    06
AURORA-Phase4 62
1 00063U 00000ABC 00001.00000000  .00000000  00000-0  00000+0 0    02
2 00063  75.0000  72.0000 0000001   0.0000  45.0000 13.74000000    07
AURORA-Phase4 63
1 00064U 00000ABC 00001.00000000  .00000000  00000-0  00000+0 0    03
2 00064  75.0000  72.0000 0000001   0.0000  63.0000 13.74000000    08
AURORA-Phase4 64
1 00065U 00000ABC 00001.00000000  .00000000  00000-0  00000+0 0    04
2 00065  75.0000  72.0000 0000001   0.0000  81.0000 13.74000000    09
AURORA-Phase4 65
1 00066U 00000ABC 00001.00000000  .00000000  00000-0  00000+0 0    05
2 00066  75.0000  72.0000 0000001   0.0000  99.0000 13.74000000    09
AURORA-Phase4 66
1 00067U 00000ABC 00001.00000000  .00000000  00000-0  00000+0 0    06
2 00067  75.0000  72.0000 0000001   0.0000 117.0000 13.74000000    01
AURORA-Phase4 67
1 00068U 00000ABC 00001.00000000  .00000000  00000-0  00000+0 0    07
2 00068  75.0000  72.0000 0000001   0.0000 135.0000 13.74000000    02
AURORA-Phase4 68
1 00069U 00000ABC 00001.00000000  .00000000  00000-0  00000+0 0    08
2 00069  75.0000  72.0000 0000001   0.0000 153.0000 13.74000000    03
AURORA-Phase4 69
1 00070U 00000ABC 00001.00000000  .00000000  00000-0  00000+0 0    00
2 00070  75.0000  72.0000 0000001   0.0000 171.0000 13.74000000    05
AURORA-Phase4 70
1 00071U 00000ABC 00001.00000000  .00000000  00000-0  00000+0 0    01
2 00071  75.0000  72.0000 0000001   0.0000 189.0000 13.74000000    05
AURORA-Phase4 71
1 00072U 00000ABC 00001.00000000  .00000000  00000-0  00000+0 0    02
2 00072  75.0000  72.0000 0000001   0.0000 207.0000 13.74000000    07
AURORA-Phase4 72
1 00073U 00000ABC 00001.00000000  .00000000  00000-0  00000+0 0    03
2 00073  75.0000  72.0000 0000001   0.0000 225.0000 13.74000000    08
AURORA-Phase4 73
1 00074U 00000ABC 00001.00000000  .00000000  00000-0  00000+0 0    04
2 00074  75.0000  72.0000 0000001   0.0000 243.0000 13.74000000    09
AURORA-Phase4 74
1 00075U 00000ABC 00001.00000000  .00000000  00000-0  00000+0 0    05
2 00075  75.0000  72.0000 0000001   0.0000 261.0000 13.74000000    00
AURORA-Phase4 75
1 00076U 00000ABC 00001.00000000  .00000000  00000-0  00000+0 0    06
2 00076  75.0000  72.0000 0000001   0.0000 279.0000 13.74000000    00
AURORA-Phase4 76
1 00077U 00000ABC 00001.00000000  .00000000  00000-0  00000+0 0    07
2 00077  75.0000  72.0000 0000001   0.0000 297.0000 13.74000000    01
AURORA-Phase4 77
1 00078U 00000ABC 00001.00000000  .00000000  00000-0  00000+0 0    08
2 00078  75.0000  72.0000 0000001   0.0000 315.0000 13.74000000    03
AURORA-Phase4 78
1 00079U 00000ABC 00001.00000000  .00000000  00000-0  00000+0 0    09
2 00079  75.0000  72.0000 0000001   0.0000 333.0000 13.74000000    04
AURORA-Phase4 79
1 00080U 00000ABC 00001.00000000  .00000000  00000-0  00000+0 0    01
2 00080  75.0000  72.0000 0000001   0.0000 351.0000 13.74000000    06
AURORA-Phase4 80
1 00081U 00000ABC 00001.00000000  .00000000  00000-0  00000+0 0    02
2 00081  75.0000  96.0000 0000001   0.0000   0.0000 13.74000000    04
AURORA-Phase4 81
1 00082U 00000ABC 00001.00000000  .00000000  00000-0  00000+0 0    03
2 00082  75.0000  96.0000 0000001   0.0000  18.0000 13.74000000    04
AURORA-Phase4 82
1 00083U 00000ABC 00001.00000000  .00000000  00000-0  00000+0 0    04
2 00083  75.0000  96.0000 0000001   0.0000  36.0000 13.74000000    05
AURORA-Phase4 83
1 00084U 00000ABC 00001.00000000  .00000000  00000-0  00000+0 0    05
2 00084  75.0000  96.0000 0000001   0.0000  54.0000 13.74000000    06
AURORA-Phase4 84
1 00085U 00000ABC 00001.00000000  .00000000  00000-0  00000+0 0    06
2 00085  75.0000  96.0000 0000001   0.0000  72.0000 13.74000000    07
AURORA-Phase4 85
1 00086U 00000ABC 00001.00000000  .00000000  00000-0  00000+0 0    07
2 00086  75.0000  96.0000 0000001   0.0000  90.0000 13.74000000    08
AURORA-Phase4 86
1 00087U 00000ABC 00001.00000000  .00000000  00000-0  00000+0 0    08
2 00087  75.0000  96.0000 0000001   0.0000 108.0000 13.74000000    09
AURORA-Phase4 87
1 00088U 00000ABC 00001.00000000  .00000000  00000-0  00000+0 0    09
2 00088  75.0000  96.0000 0000001   0.0000 126.0000 13.74000000    00
AURORA-Phase4 88
1 00089U 00000ABC 00001.00000000  .00000000  00000-0  00000+0 0    00
2 00089  75.0000  96.0000 0000001   0.0000 144.0000 13.74000000    01
AURORA-Phase4 89
1 00090U 00000ABC 00001.00000000  .00000000  00000-0  00000+0 0    02
2 00090  75.0000  96.0000 0000001   0.0000 162.0000 13.74000000    03
AURORA-Phase4 90
1 00091U 00000ABC 00001.00000000  .00000000  00000-0  00000+0 0    03
2 00091  75.0000  96.0000 0000001   0.0000 180.0000 13.74000000    04
AURORA-Phase4 91
1 00092U 00000ABC 00001.00000000  .00000000  00000-0  00000+0 0    04
2 00092  75.0000  96.0000 0000001   0.0000 198.0000 13.74000000    04
AURORA-Phase4 92
1 00093U 00000ABC 00001.00000000  .00000000  00000-0  00000+0 0    05
2 00093  75.0000  96.0000 0000001   0.0000 216.0000 13.74000000    06
AURORA-Phase4 93
1 00094U 00000ABC 00001.00000000  .00000000  00000-0  00000+0 0    06
2 00094  75.0000  96.0000 0000001   0.0000 234.0000 13.74000000    07
AURORA-Phase4 94
1 00095U 00000ABC 00001.00000000  .00000000  00000-0  00000+0 0    07
2 00095  75.0000  96.0000 0000001   0.0000 252.0000 13.74000000    08
AURORA-Phase4 95
1 00096U 00000ABC 00001.00000000  .00000000  00000-0  00000+0 0    08
2 00096  75.0000  96.0000 0000001   0.0000 270.0000 13.74000000    09
AURORA-Phase4 96
1 00097U 00000ABC 00001.00000000  .00000000  00000-0  00000+0 0    09
2 00097  75.0000  96.0000 0000001   0.0000 288.0000 13.74000000    09
AURORA-Phase4 97
1 00098U 00000ABC 00001.00000000  .00000000  00000-0  00000+0 0    00
2 00098  75.0000  96.0000 0000001   0.0000 306.0000 13.74000000    01
AURORA-Phase4 98
1 00099U 00000ABC 00001.00000000  .00000000  00000-0  00000+0 0    01
2 00099  75.0000  96.0000 0000001   0.0000 324.0000 13.74000000    02
AURORA-Phase4 99
1 00100U 00000ABC 00001.00000000  .00000000  00000-0  00000+0 0    04
2 00100  75.0000  96.0000 0000001   0.0000 342.0000 13.74000000    05
AURORA-Phase4 100
1 00101U 00000ABC 00001.00000000  .00000000  00000-0  00000+0 0    05
2 00101  75.0000 120.0000 0000001   0.0000   9.0000 13.74000000    04
AURORA-Phase4 101
1 00102U 00000ABC 00001.00000000  .00000000  00000-0  00000+0 0    06
2 00102  75.0000 120.0000 0000001   0.0000  27.0000 13.74000000    05
AURORA-Phase4 102
1 00103U 00000ABC 00001.00000000  .00000000  00000-0  00000+0 0    07
2 00103  75.0000 120.0000 0000001   0.0000  45.0000 13.74000000    06
AURORA-Phase4 103
1 00104U 00000ABC 00001.00000000  .00000000  00000-0  00000+0 0    08
2 00104  75.0000 120.0000 0000001   0.0000  63.0000 13.74000000    07
AURORA-Phase4 104
1 00105U 00000ABC 00001.00000000  .00000000  00000-0  00000+0 0    09
2 00105  75.0000 120.0000 0000001   0.0000  81.0000 13.74000000    08
AURORA-Phase4 105
1 00106U 00000ABC 00001.00000000  .00000000  00000-0  00000+0 0    00
2 00106  75.0000 120.0000 0000001   0.0000  99.0000 13.74000000    08
AURORA-Phase4 106
1 00107U 00000ABC 00001.00000000  .00000000  00000-0  00000+0 0    01
2 00107  75.0000 120.0000 0000001   0.0000 117.0000 13.74000000    00
AURORA-Phase4 107
1 00108U 00000ABC 00001.00000000  .00000000  00000-0  00000+0 0    02
2 00108  75.0000 120.0000 0000001   0.0000 135.0000 13.74000000    01
AURORA-Phase4 108
1 00109U 00000ABC 00001.00000000  .00000000  00000-0  00000+0 0    03
2 00109  75.0000 120.0000 0000001   0.0000 153.0000 13.74000000    02
AURORA-Phase4 109
1 00110U 00000ABC 00001.00000000  .00000000  00000-0  00000+0 0    05
2 00110  75.0000 120.0000 0000001   0.0000 171.0000 13.74000000    04
AURORA-Phase4 110
1 00111U 00000ABC 00001.00000000  .00000000  00000-0  00000+0 0    06
2 00111  75.0000 120.0000 0000001   0.0000 189.0000 13.74000000    04
AURORA-Phase4 111
1 00112U 00000ABC 00001.00000000  .00000000  00000-0  00000+0 0    07
2 00112  75.0000 120.0000 0000001   0.0000 207.0000 13.74000000    06
AURORA-Phase4 112
1 00113U 00000ABC 00001.00000000  .00000000  00000-0  00000+0 0    08
2 00113  75.0000 120.0000 0000001   0.0000 225.0000 13.74000000    07
AURORA-Phase4 113
1 00114U 00000ABC 00001.00000000  .00000000  00000-0  00000+0 0    09
2 00114  75.0000 120.0000 0000001   0.0000 243.0000 13.74000000    08
AURORA-Phase4 114
1 00115U 00000ABC 00001.00000000  .00000000  00000-0  00000+0 0    00
2 00115  75.0000 120.0000 0000001   0.0000 261.0000 13.74000000    09
AURORA-Phase4 115
1 00116U 00000ABC 00001.00000000  .00000000  00000-0  00000+0 0    01
2 00116  75.0000 120.0000 0000001   0.0000 279.0000 13.74000000    09
AURORA-Phase4 116
1 00117U 00000ABC 00001.00000000  .00000000  00000-0  00000+0 0    02
2 00117  75.0000 120.0000 0000001   0.0000 297.0000 13.74000000    00
AURORA-Phase4 117
1 00118U 00000ABC 00001.00000000  .00000000  00000-0  00000+0 0    03
2 00118  75.0000 120.0000 0000001   0.0000 315.0000 13.74000000    02
AURORA-Phase4 118
1 00119U 00000ABC 00001.00000000  .00000000  00000-0  00000+0 0    04
2 00119  75.0000 120.0000 0000001   0.0000 333.0000 13.74000000    03
AURORA-Phase4 119
1 00120U 00000ABC 00001.00000000  .00000000  00000-0  00000+0 0    06
2 00120  75.0000 120.0000 0000001   0.0000 351.0000 13.74000000    05
AURORA-Phase4 120
1 00121U 00000ABC 00001.00000000  .00000000  00000-0  00000+0 0    07
2 00121  75.0000 144.0000 0000001   0.0000   0.0000 13.74000000    03
AURORA-Phase4 121
1 00122U 00000ABC 00001.00000000  .00000000  00000-0  00000+0 0    08
2 00122  75.0000 144.0000 0000001   0.0000  18.0000 13.74000000    03
AURORA-Phase4 122
1 00123U 00000ABC 00001.00000000  .00000000  00000-0  00000+0 0    09
2 00123  75.0000 144.0000 0000001   0.0000  36.0000 13.74000000    04
AURORA-Phase4 123
1 00124U 00000ABC 00001.00000000  .00000000  00000-0  00000+0 0    00
2 00124  75.0000 144.0000 0000001   0.0000  54.0000 13.74000000    05
AURORA-Phase4 124
1 00125U 00000ABC 00001.00000000  .00000000  00000-0  00000+0 0    01
2 00125  75.0000 144.0000 0000001   0.0000  72.0000 13.74000000    06
AURORA-Phase4 125
1 00126U 00000ABC 00001.00000000  .00000000  00000-0  00000+0 0    02
2 00126  75.0000 144.0000 0000001   0.0000  90.0000 13.74000000    07
AURORA-Phase4 126
1 00127U 00000ABC 00001.00000000  .00000000  00000-0  00000+0 0    03
2 00127  75.0000 144.0000 0000001   0.0000 108.0000 13.74000000    08
AURORA-Phase4 127
1 00128U 00000ABC 00001.00000000  .00000000  00000-0  00000+0 0    04
2 00128  75.0000 144.0000 0000001   0.0000 126.0000 13.74000000    09
AURORA-Phase4 128
1 00129U 00000ABC 00001.00000000  .00000000  00000-0  00000+0 0    05
2 00129  75.0000 144.0000 0000001   0.0000 144.0000 13.74000000    00
AURORA-Phase4 129
1 00130U 00000ABC 00001.00000000  .00000000  00000-0  00000+0 0    07
2 00130  75.0000 144.0000 0000001   0.0000 162.0000 13.74000000    02
AURORA-Phase4 130
1 00131U 00000ABC 00001.00000000  .00000000  00000-0  00000+0 0    08
2 00131  75.0000 144.0000 0000001   0.0000 180.0000 13.74000000    03
AURORA-Phase4 131
1 00132U 00000ABC 00001.00000000  .00000000  00000-0  00000+0 0    09
2 00132  75.0000 144.0000 0000001   0.0000 198.0000 13.74000000    03
AURORA-Phase4 132
1 00133U 00000ABC 00001.00000000  .00000000  00000-0  00000+0 0    00
2 00133  75.0000 144.0000 0000001   0.0000 216.0000 13.74000000    05
AURORA-Phase4 133
1 00134U 00000ABC 00001.00000000  .00000000  00000-0  00000+0 0    01
2 00134  75.0000 144.0000 0000001   0.0000 234.0000 13.74000000    06
AURORA-Phase4 134
1 00135U 00000ABC 00001.00000000  .00000000  00000-0  00000+0 0    02
2 00135  75.0000 144.0000 0000001   0.0000 252.0000 13.74000000    07
AURORA-Phase4 135
1 00136U 00000ABC 00001.00000000  .00000000  00000-0  00000+0 0    03
2 00136  75.0000 144.0000 0000001   0.0000 270.0000 13.74000000    08
AURORA-Phase4 136
1 00137U 00000ABC 00001.00000000  .00000000  00000-0  00000+0 0    04
2 00137  75.0000 144.0000 0000001   0.0000 288.0000 13.74000000    08
AURORA-Phase4 137
1 00138U 00000ABC 00001.00000000  .00000000  00000-0  00000+0 0    05
2 00138  75.0000 144.0000 0000001   0.0000 306.0000 13.74000000    00
AURORA-Phase4 138
1 00139U 00000ABC 00001.00000000  .00000000  00000-0  00000+0 0    06
2 00139  75.0000 144.0000 0000001   0.0000 324.0000 13.74000000    01
AURORA-Phase4 139
1 00140U 00000ABC 00001.00000000  .00000000  00000-0  00000+0 0    08
2 00140  75.0000 144.0000 0000001   0.0000 342.0000 13.74000000    03
AURORA-Phase4 140
1 00141U 00000ABC 00001.00000000  .00000000  00000-0  00000+0 0    09
2 00141  75.0000 168.0000 0000001   0.0000   9.0000 13.74000000    00
AURORA-Phase4 141
1 00142U 00000ABC 00001.00000000  .00000000  00000-0  00000+0 0    00
2 00142  75.0000 168.0000 0000001   0.0000  27.0000 13.74000000    01
AURORA-Phase4 142
1 00143U 00000ABC 00001.00000000  .00000000  00000-0  00000+0 0    01
2 00143  75.0000 168.0000 0000001   0.0000  45.0000 13.74000000    02
AURORA-Phase4 143
1 00144U 00000ABC 00001.00000000  .00000000  00000-0  00000+0 0    02
2 00144  75.0000 168.0000 0000001   0.0000  63.0000 13.74000000    03
AURORA-Phase4 144
1 00145U 00000ABC 00001.00000000  .00000000  00000-0  00000+0 0    03
2 00145  75.0000 168.0000 0000001   0.0000  81.0000 13.74000000    04
AURORA-Phase4 145
1 00146U 00000ABC 00001.00000000  .00000000  00000-0  00000+0 0    04
2 00146  75.0000 168.0000 0000001   0.0000  99.0000 13.74000000    04
AURORA-Phase4 146
1 00147U 00000ABC 00001.00000000  .00000000  00000-0  00000+0 0    05
2 00147  75.0000 168.0000 0000001   0.0000 117.0000 13.74000000    06
AURORA-Phase4 147
1 00148U 00000ABC 00001.00000000  .00000000  00000-0  00000+0 0    06
2 00148  75.0000 168.0000 0000001   0.0000 135.0000 13.74000000    07
AURORA-Phase4 148
1 00149U 00000ABC 00001.00000000  .00000000  00000-0  00000+0 0    07
2 00149  75.0000 168.0000 0000001   0.0000 153.0000 13.74000000    08
AURORA-Phase4 149
1 00150U 00000ABC 00001.00000000  .00000000  00000-0  00000+0 0    09
2 00150  75.0000 168.0000 0000001   0.0000 171.0000 13.74000000    00
AURORA-Phase4 150
1 00151U 00000ABC 00001.00000000  .00000000  00000-0  00000+0 0    00
2 00151  75.0000 168.0000 0000001   0.0000 189.0000 13.74000000    00
AURORA-Phase4 151
1 00152U 00000ABC 00001.00000000  .00000000  00000-0  00000+0 0    01
2 00152  75.0000 168.0000 0000001   0.0000 207.0000 13.74000000    02
AURORA-Phase4 152
1 00153U 00000ABC 00001.00000000  .00000000  00000-0  00000+0 0    02
2 00153  75.0000 168.0000 0000001   0.0000 225.0000 13.74000000    03
AURORA-Phase4 153
1 00154U 00000ABC 00001.00000000  .00000000  00000-0  00000+0 0    03
2 00154  75.0000 168.0000 0000001   0.0000 243.0000 13.74000000    04
AURORA-Phase4 154
1 00155U 00000ABC 00001.00000000  .00000000  00000-0  00000+0 0    04
2 00155  75.0000 168.0000 0000001   0.0000 261.0000 13.74000000    05
AURORA-Phase4 155
1 00156U 00000ABC 00001.00000000  .00000000  00000-0  00000+0 0    05
2 00156  75.0000 168.0000 0000001   0.0000 279.0000 13.74000000    05
AURORA-Phase4 156
1 00157U 00000ABC 00001.00000000  .00000000  00000-0  00000+0 0    06
2 00157  75.0000 168.0000 0000001   0.0000 297.0000 13.74000000    06
AURORA-Phase4 157
1 00158U 00000ABC 00001.00000000  .00000000  00000-0  00000+0 0    07
2 00158  75.0000 168.0000 0000001   0.0000 315.0000 13.74000000    08
AURORA-Phase4 158
1 00159U 00000ABC 00001.00000000  .00000000  00000-0  00000+0 0    08
2 00159  75.0000 168.0000 0000001   0.0000 333.0000 13.74000000    09
AURORA-Phase4 159
1 00160U 00000ABC 00001.00000000  .00000000  00000-0  00000+0 0    00
2 00160  75.0000 168.0000 0000001   0.0000 351.0000 13.74000000    01
AURORA-Phase4 160
1 00161U 00000ABC 00001.00000000  .00000000  00000-0  00000+0 0    01
2 00161  75.0000 192.0000 0000001   0.0000   0.0000 13.74000000    00
AURORA-Phase4 161
1 00162U 00000ABC 00001.00000000  .00000000  00000-0  00000+0 0    02
2 00162  75.0000 192.0000 0000001   0.0000  18.0000 13.74000000    00
AURORA-Phase4 162
1 00163U 00000ABC 00001.00000000  .00000000  00000-0  00000+0 0    03
2 00163  75.0000 192.0000 0000001   0.0000  36.0000 13.74000000    01
AURORA-Phase4 163
1 00164U 00000ABC 00001.00000000  .00000000  00000-0  00000+0 0    04
2 00164  75.0000 192.0000 0000001   0.0000  54.0000 13.74000000    02
AURORA-Phase4 164
1 00165U 00000ABC 00001.00000000  .00000000  00000-0  00000+0 0    05
2 00165  75.0000 192.0000 0000001   0.0000  72.0000 13.74000000    03
AURORA-Phase4 165
1 00166U 00000ABC 00001.00000000  .00000000  00000-0  00000+0 0    06
2 00166  75.0000 192.0000 0000001   0.0000  90.0000 13.74000000    04
AURORA-Phase4 166
1 00167U 00000ABC 00001.00000000  .00000000  00000-0  00000+0 0    07
2 00167  75.0000 192.0000 0000001   0.0000 108.0000 13.74000000    05
AURORA-Phase4 167
1 00168U 00000ABC 00001.00000000  .00000000  00000-0  00000+0 0    08
2 00168  75.0000 192.0000 0000001   0.0000 126.0000 13.74000000    06
AURORA-Phase4 168
1 00169U 00000ABC 00001.00000000  .00000000  00000-0  00000+0 0    09
2 00169  75.0000 192.0000 0000001   0.0000 144.0000 13.74000000    07
AURORA-Phase4 169
1 00170U 00000ABC 00001.00000000  .00000000  00000-0  00000+0 0    01
2 00170  75.0000 192.0000 0000001   0.0000 162.0000 13.74000000    09
AURORA-Phase4 170
1 00171U 00000ABC 00001.00000000  .00000000  00000-0  00000+0 0    02
2 00171  75.0000 192.0000 0000001   0.0000 180.0000 13.74000000    00
AURORA-Phase4 171
1 00172U 00000ABC 00001.00000000  .00000000  00000-0  00000+0 0    03
2 00172  75.0000 192.0000 0000001   0.0000 198.0000 13.74000000    00
AURORA-Phase4 172
1 00173U 00000ABC 00001.00000000  .00000000  00000-0  00000+0 0    04
2 00173  75.0000 192.0000 0000001   0.0000 216.0000 13.74000000    02
AURORA-Phase4 173
1 00174U 00000ABC 00001.00000000  .00000000  00000-0  00000+0 0    05
2 00174  75.0000 192.0000 0000001   0.0000 234.0000 13.74000000    03
AURORA-Phase4 174
1 00175U 00000ABC 00001.00000000  .00000000  00000-0  00000+0 0    06
2 00175  75.0000 192.0000 0000001   0.0000 252.0000 13.74000000    04
AURORA-Phase4 175
1 00176U 00000ABC 00001.00000000  .00000000  00000-0  00000+0 0    07
2 00176  75.0000 192.0000 0000001   0.0000 270.0000 13.74000000    05
AURORA-Phase4 176
1 00177U 00000ABC 00001.00000000  .00000000  00000-0  00000+0 0    08
2 00177  75.0000 192.0000 0000001   0.0000 288.0000 13.74000000    05
AURORA-Phase4 177
1 00178U 00000ABC 00001.00000000  .00000000  00000-0  00000+0 0    09
2 00178  75.0000 192.0000 0000001   0.0000 306.0000 13.74000000    07
AURORA-Phase4 178
1 00179U 00000ABC 00001.00000000  .00000000  00000-0  00000+0 0    00
2 00179  75.0000 192.0000 0000001   0.0000 324.0000 13.74000000    08
AURORA-Phase4 179
1 00180U 00000ABC 00001.00000000  .00000000  00000-0  00000+0 0    02
2 00180  75.0000 192.0000 0000001   0.0000 342.0000 13.74000000    00
AURORA-Phase4 180
1 00181U 00000ABC 00001.00000000  .00000000  00000-0  00000+0 0    03
2 00181  75.0000 216.0000 0000001   0.0000   9.0000 13.74000000    08
AURORA-Phase4 181
1 00182U 00000ABC 00001.00000000  .00000000  00000-0  00000+0 0    04
2 00182  75.0000 216.0000 0000001   0.0000  27.0000 13.74000000    09
AURORA-Phase4 182
1 00183U 00000ABC 00001.00000000  .00000000  00000-0  00000+0 0    05
2 00183  75.0000 216.0000 0000001   0.0000  45.0000 13.74000000    00
AURORA-Phase4 183
1 00184U 00000ABC 00001.00000000  .00000000  00000-0  00000+0 0    06
2 00184  75.0000 216.0000 0000001   0.0000  63.0000 13.74000000    01
AURORA-Phase4 184
1 00185U 00000ABC 00001.00000000  .00000000  00000-0  00000+0 0    07
2 00185  75.0000 216.0000 0000001   0.0000  81.0000 13.74000000    02
AURORA-Phase4 185
1 00186U 00000ABC 00001.00000000  .00000000  00000-0  00000+0 0    08
2 00186  75.0000 216.0000 0000001   0.0000  99.0000 13.74000000    02
AURORA-Phase4 186
1 00187U 00000ABC 00001.00000000  .00000000  00000-0  00000+0 0    09
2 00187  75.0000 216.0000 0000001   0.0000 117.0000 13.74000000    04
AURORA-Phase4 187
1 00188U 00000ABC 00001.00000000  .00000000  00000-0  00000+0 0    00
2 00188  75.0000 216.0000 0000001   0.0000 135.0000 13.74000000    05
AURORA-Phase4 188
1 00189U 00000ABC 00001.00000000  .00000000  00000-0  00000+0 0    01
2 00189  75.0000 216.0000 0000001   0.0000 153.0000 13.74000000    06
AURORA-Phase4 189
1 00190U 00000ABC 00001.00000000  .00000000  00000-0  00000+0 0    03
2 00190  75.0000 216.0000 0000001   0.0000 171.0000 13.74000000    08
AURORA-Phase4 190
1 00191U 00000ABC 00001.00000000  .00000000  00000-0  00000+0 0    04
2 00191  75.0000 216.0000 0000001   0.0000 189.0000 13.74000000    08
AURORA-Phase4 191
1 00192U 00000ABC 00001.00000000  .00000000  00000-0  00000+0 0    05
2 00192  75.0000 216.0000 0000001   0.0000 207.0000 13.74000000    00
AURORA-Phase4 192
1 00193U 00000ABC 00001.00000000  .00000000  00000-0  00000+0 0    06
2 00193  75.0000 216.0000 0000001   0.0000 225.0000 13.74000000    01
AURORA-Phase4 193
1 00194U 00000ABC 00001.00000000  .00000000  00000-0  00000+0 0    07
2 00194  75.0000 216.0000 0000001   0.0000 243.0000 13.74000000    02
AURORA-Phase4 194
1 00195U 00000ABC 00001.00000000  .00000000  00000-0  00000+0 0    08
2 00195  75.0000 216.0000 0000001   0.0000 261.0000 13.74000000    03
AURORA-Phase4 195
1 00196U 00000ABC 00001.00000000  .00000000  00000-0  00000+0 0    09
2 00196  75.0000 216.0000 0000001   0.0000 279.0000 13.74000000    03
AURORA-Phase4 196
1 00197U 00000ABC 00001.00000000  .00000000  00000-0  00000+0 0    00
2 00197  75.0000 216.0000 0000001   0.0000 297.0000 13.74000000    04
AURORA-Phase4 197
1 00198U 00000ABC 00001.00000000  .00000000  00000-0  00000+0 0    01
2 00198  75.0000 216.0000 0000001   0.0000 315.0000 13.74000000    06
AURORA-Phase4 198
1 00199U 00000ABC 00001.00000000  .00000000  00000-0  00000+0 0    02
2 00199  75.0000 216.0000 0000001   0.0000 333.0000 13.74000000    07
AURORA-Phase4 199
1 00200U 00000ABC 00001.00000000  .00000000  00000-0  00000+0 0    05
2 00200  75.0000 216.0000 0000001   0.0000 351.0000 13.74000000    00
AURORA-Phase4 200
1 00201U 00000ABC 00001.00000000  .00000000  00000-0  00000+0 0    06
2 00201  75.0000 240.0000 0000001   0.0000   0.0000 13.74000000    09
AURORA-Phase4 201
1 00202U 00000ABC 00001.00000000  .00000000  00000-0  00000+0 0    07
2 00202  75.0000 240.0000 0000001   0.0000  18.0000 13.74000000    09
AURORA-Phase4 202
1 00203U 00000ABC 00001.00000000  .00000000  00000-0  00000+0 0    08
2 00203  75.0000 240.0000 0000001   0.0000  36.0000 13.74000000    00
AURORA-Phase4 203
1 00204U 00000ABC 00001.00000000  .00000000  00000-0  00000+0 0    09
2 00204  75.0000 240.0000 0000001   0.0000  54.0000 13.74000000    01
AURORA-Phase4 204
1 00205U 00000ABC 00001.00000000  .00000000  00000-0  00000+0 0    00
2 00205  75.0000 240.0000 0000001   0.0000  72.0000 13.74000000    02
AURORA-Phase4 205
1 00206U 00000ABC 00001.00000000  .00000000  00000-0  00000+0 0    01
2 00206  75.0000 240.0000 0000001   0.0000  90.0000 13.74000000    03
AURORA-Phase4 206
1 00207U 00000ABC 00001.00000000  .00000000  00000-0  00000+0 0    02
2 00207  75.0000 240.0000 0000001   0.0000 108.0000 13.74000000    04
AURORA-Phase4 207
1 00208U 00000ABC 00001.00000000  .00000000  00000-0  00000+0 0    03
2 00208  75.0000 240.0000 0000001   0.0000 126.0000 13.74000000    05
AURORA-Phase4 208
1 00209U 00000ABC 00001.00000000  .00000000  00000-0  00000+0 0    04
2 00209  75.0000 240.0000 0000001   0.0000 144.0000 13.74000000    06
AURORA-Phase4 209
1 00210U 00000ABC 00001.00000000  .00000000  00000-0  00000+0 0    06
2 00210  75.0000 240.0000 0000001   0.0000 162.0000 13.74000000    08
AURORA-Phase4 210
1 00211U 00000ABC 00001.00000000  .00000000  00000-0  00000+0 0    07
2 00211  75.0000 240.0000 0000001   0.0000 180.0000 13.74000000    09
AURORA-Phase4 211
1 00212U 00000ABC 00001.00000000  .00000000  00000-0  00000+0 0    08
2 00212  75.0000 240.0000 0000001   0.0000 198.0000 13.74000000    09
AURORA-Phase4 212
1 00213U 00000ABC 00001.00000000  .00000000  00000-0  00000+0 0    09
2 00213  75.0000 240.0000 0000001   0.0000 216.0000 13.74000000    01
AURORA-Phase4 213
1 00214U 00000ABC 00001.00000000  .00000000  00000-0  00000+0 0    00
2 00214  75.0000 240.0000 0000001   0.0000 234.0000 13.74000000    02
AURORA-Phase4 214
1 00215U 00000ABC 00001.00000000  .00000000  00000-0  00000+0 0    01
2 00215  75.0000 240.0000 0000001   0.0000 252.0000 13.74000000    03
AURORA-Phase4 215
1 00216U 00000ABC 00001.00000000  .00000000  00000-0  00000+0 0    02
2 00216  75.0000 240.0000 0000001   0.0000 270.0000 13.74000000    04
AURORA-Phase4 216
1 00217U 00000ABC 00001.00000000  .00000000  00000-0  00000+0 0    03
2 00217  75.0000 240.0000 0000001   0.0000 288.0000 13.74000000    04
AURORA-Phase4 217
1 00218U 00000ABC 00001.00000000  .00000000  00000-0  00000+0 0    04
2 00218  75.0000 240.0000 0000001   0.0000 306.0000 13.74000000    06
AURORA-Phase4 218
1 00219U 00000ABC 00001.00000000  .00000000  00000-0  00000+0 0    05
2 00219  75.0000 240.0000 0000001   0.0000 324.0000 13.74000000    07
AURORA-Phase4 219
1 00220U 00000ABC 00001.00000000  .00000000  00000-0  00000+0 0    07
2 00220  75.0000 240.0000 0000001   0.0000 342.0000 13.74000000    09
AURORA-Phase4 220
1 00221U 00000ABC 00001.00000000  .00000000  00000-0  00000+0 0    08
2 00221  75.0000 264.0000 0000001   0.0000   9.0000 13.74000000    06
AURORA-Phase4 221
1 00222U 00000ABC 00001.00000000  .00000000  00000-0  00000+0 0    09
2 00222  75.0000 264.0000 0000001   0.0000  27.0000 13.74000000    07
AURORA-Phase4 222
1 00223U 00000ABC 00001.00000000  .00000000  00000-0  00000+0 0    00
2 00223  75.0000 264.0000 0000001   0.0000  45.0000 13.74000000    08
AURORA-Phase4 223
1 00224U 00000ABC 00001.00000000  .00000000  00000-0  00000+0 0    01
2 00224  75.0000 264.0000 0000001   0.0000  63.0000 13.74000000    09
AURORA-Phase4 224
1 00225U 00000ABC 00001.00000000  .00000000  00000-0  00000+0 0    02
2 00225  75.0000 264.0000 0000001   0.0000  81.0000 13.74000000    00
AURORA-Phase4 225
1 00226U 00000ABC 00001.00000000  .00000000  00000-0  00000+0 0    03
2 00226  75.0000 264.0000 0000001   0.0000  99.0000 13.74000000    00
AURORA-Phase4 226
1 00227U 00000ABC 00001.00000000  .00000000  00000-0  00000+0 0    04
2 00227  75.0000 264.0000 0000001   0.0000 117.0000 13.74000000    02
AURORA-Phase4 227
1 00228U 00000ABC 00001.00000000  .00000000  00000-0  00000+0 0    05
2 00228  75.0000 264.0000 0000001   0.0000 135.0000 13.74000000    03
AURORA-Phase4 228
1 00229U 00000ABC 00001.00000000  .00000000  00000-0  00000+0 0    06
2 00229  75.0000 264.0000 0000001   0.0000 153.0000 13.74000000    04
AURORA-Phase4 229
1 00230U 00000ABC 00001.00000000  .00000000  00000-0  00000+0 0    08
2 00230  75.0000 264.0000 0000001   0.0000 171.0000 13.74000000    06
AURORA-Phase4 230
1 00231U 00000ABC 00001.00000000  .00000000  00000-0  00000+0 0    09
2 00231  75.0000 264.0000 0000001   0.0000 189.0000 13.74000000    06
AURORA-Phase4 231
1 00232U 00000ABC 00001.00000000  .00000000  00000-0  00000+0 0    00
2 00232  75.0000 264.0000 0000001   0.0000 207.0000 13.74000000    08
AURORA-Phase4 232
1 00233U 00000ABC 00001.00000000  .00000000  00000-0  00000+0 0    01
2 00233  75.0000 264.0000 0000001   0.0000 225.0000 13.74000000    09
AURORA-Phase4 233
1 00234U 00000ABC 00001.00000000  .00000000  00000-0  00000+0 0    02
2 00234  75.0000 264.0000 0000001   0.0000 243.0000 13.74000000    00
AURORA-Phase4 234
1 00235U 00000ABC 00001.00000000  .00000000  00000-0  00000+0 0    03
2 00235  75.0000 264.0000 0000001   0.0000 261.0000 13.74000000    01
AURORA-Phase4 235
1 00236U 00000ABC 00001.00000000  .00000000  00000-0  00000+0 0    04
2 00236  75.0000 264.0000 0000001   0.0000 279.0000 13.74000000    01
AURORA-Phase4 236
1 00237U 00000ABC 00001.00000000  .00000000  00000-0  00000+0 0    05
2 00237  75.0000 264.0000 0000001   0.0000 297.0000 13.74000000    02
AURORA-Phase4 237
1 00238U 00000ABC 00001.00000000  .00000000  00000-0  00000+0 0    06
2 00238  75.0000 264.0000 0000001   0.0000 315.0000 13.74000000    04
AURORA-Phase4 238
1 00239U 00000ABC 00001.00000000  .00000000  00000-0  00000+0 0    07
2 00239  75.0000 264.0000 0000001   0.0000 333.0000 13.74000000    05
AURORA-Phase4 239
1 00240U 00000ABC 00001.00000000  .00000000  00000-0  00000+0 0    09
2 00240  75.0000 264.0000 0000001   0.0000 351.0000 13.74000000    07
AURORA-Phase4 240
1 00241U 00000ABC 00001.00000000  .00000000  00000-0  00000+0 0    00
2 00241  75.0000 288.0000 0000001   0.0000   0.0000 13.74000000    05
AURORA-Phase4 241
1 00242U 00000ABC 00001.00000000  .00000000  00000-0  00000+0 0    01
2 00242  75.0000 288.0000 0000001   0.0000  18.0000 13.74000000    05
AURORA-Phase4 242
1 00243U 00000ABC 00001.00000000  .00000000  00000-0  00000+0 0    02
2 00243  75.0000 288.0000 0000001   0.0000  36.0000 13.74000000    06
AURORA-Phase4 243
1 00244U 00000ABC 00001.00000000  .00000000  00000-0  00000+0 0    03
2 00244  75.0000 288.0000 0000001   0.0000  54.0000 13.74000000    07
AURORA-Phase4 244
1 00245U 00000ABC 00001.00000000  .00000000  00000-0  00000+0 0    04
2 00245  75.0000 288.0000 0000001   0.0000  72.0000 13.74000000    08
AURORA-Phase4 245
1 00246U 00000ABC 00001.00000000  .00000000  00000-0  00000+0 0    05
2 00246  75.0000 288.0000 0000001   0.0000  90.0000 13.74000000    09
AURORA-Phase4 246
1 00247U 00000ABC 00001.00000000  .00000000  00000-0  00000+0 0    06
2 00247  75.0000 288.0000 0000001   0.0000 108.0000 13.74000000    00
AURORA-Phase4 247
1 00248U 00000ABC 00001.00000000  .00000000  00000-0  00000+0 0    07
2 00248  75.0000 288.0000 0000001   0.0000 126.0000 13.74000000    01
AURORA-Phase4 248
1 00249U 00000ABC 00001.00000000  .00000000  00000-0  00000+0 0    08
2 00249  75.0000 288.0000 0000001   0.0000 144.0000 13.74000000    02
AURORA-Phase4 249
1 00250U 00000ABC 00001.00000000  .00000000  00000-0  00000+0 0    00
2 00250  75.0000 288.0000 0000001   0.0000 162.0000 13.74000000    04
AURORA-Phase4 250
1 00251U 00000ABC 00001.00000000  .00000000  00000-0  00000+0 0    01
2 00251  75.0000 288.0000 0000001   0.0000 180.0000 13.74000000    05
AURORA-Phase4 251
1 00252U 00000ABC 00001.00000000  .00000000  00000-0  00000+0 0    02
2 00252  75.0000 288.0000 0000001   0.0000 198.0000 13.74000000    05
AURORA-Phase4 252
1 00253U 00000ABC 00001.00000000  .00000000  00000-0  00000+0 0    03
2 00253  75.0000 288.0000 0000001   0.0000 216.0000 13.74000000    07
AURORA-Phase4 253
1 00254U 00000ABC 00001.00000000  .00000000  00000-0  00000+0 0    04
2 00254  75.0000 288.0000 0000001   0.0000 234.0000 13.74000000    08
AURORA-Phase4 254
1 00255U 00000ABC 00001.00000000  .00000000  00000-0  00000+0 0    05
2 00255  75.0000 288.0000 0000001   0.0000 252.0000 13.74000000    09
AURORA-Phase4 255
1 00256U 00000ABC 00001.00000000  .00000000  00000-0  00000+0 0    06
2 00256  75.0000 288.0000 0000001   0.0000 270.0000 13.74000000    00
AURORA-Phase4 256
1 00257U 00000ABC 00001.00000000  .00000000  00000-0  00000+0 0    07
2 00257  75.0000 288.0000 0000001   0.0000 288.0000 13.74000000    00
AURORA-Phase4 257
1 00258U 00000ABC 00001.00000000  .00000000  00000-0  00000+0 0    08
2 00258  75.0000 288.0000 0000001   0.0000 306.0000 13.74000000    02
AURORA-Phase4 258
1 00259U 00000ABC 00001.00000000  .00000000  00000-0  00000+0 0    09
2 00259  75.0000 288.0000 0000001   0.0000 324.0000 13.74000000    03
AURORA-Phase4 259
1 00260U 00000ABC 00001.00000000  .00000000  00000-0  00000+0 0    01
2 00260  75.0000 288.0000 0000001   0.0000 342.0000 13.74000000    05
AURORA-Phase4 260
1 00261U 00000ABC 00001.00000000  .00000000  00000-0  00000+0 0    02
2 00261  75.0000 312.0000 0000001   0.0000   9.0000 13.74000000    04
AURORA-Phase4 261
1 00262U 00000ABC 00001.00000000  .00000000  00000-0  00000+0 0    03
2 00262  75.0000 312.0000 0000001   0.0000  27.0000 13.74000000    05
AURORA-Phase4 262
1 00263U 00000ABC 00001.00000000  .00000000  00000-0  00000+0 0    04
2 00263  75.0000 312.0000 0000001   0.0000  45.0000 13.74000000    06
AURORA-Phase4 263
1 00264U 00000ABC 00001.00000000  .00000000  00000-0  00000+0 0    05
2 00264  75.0000 312.0000 0000001   0.0000  63.0000 13.74000000    07
AURORA-Phase4 264
1 00265U 00000ABC 00001.00000000  .00000000  00000-0  00000+0 0    06
2 00265  75.0000 312.0000 0000001   0.0000  81.0000 13.74000000    08
AURORA-Phase4 265
1 00266U 00000ABC 00001.00000000  .00000000  00000-0  00000+0 0    07
2 00266  75.0000 312.0000 0000001   0.0000  99.0000 13.74000000    08
AURORA-Phase4 266
1 00267U 00000ABC 00001.00000000  .00000000  00000-0  00000+0 0    08
2 00267  75.0000 312.0000 0000001   0.0000 117.0000 13.74000000    00
AURORA-Phase4 267
1 00268U 00000ABC 00001.00000000  .00000000  00000-0  00000+0 0    09
2 00268  75.0000 312.0000 0000001   0.0000 135.0000 13.74000000    01
AURORA-Phase4 268
1 00269U 00000ABC 00001.00000000  .00000000  00000-0  00000+0 0    00
2 00269  75.0000 312.0000 0000001   0.0000 153.0000 13.74000000    02
AURORA-Phase4 269
1 00270U 00000ABC 00001.00000000  .00000000  00000-0  00000+0 0    02
2 00270  75.0000 312.0000 0000001   0.0000 171.0000 13.74000000    04
AURORA-Phase4 270
1 00271U 00000ABC 00001.00000000  .00000000  00000-0  00000+0 0    03
2 00271  75.0000 312.0000 0000001   0.0000 189.0000 13.74000000    04
AURORA-Phase4 271
1 00272U 00000ABC 00001.00000000  .00000000  00000-0  00000+0 0    04
2 00272  75.0000 312.0000 0000001   0.0000 207.0000 13.74000000    06
AURORA-Phase4 272
1 00273U 00000ABC 00001.00000000  .00000000  00000-0  00000+0 0    05
2 00273  75.0000 312.0000 0000001   0.0000 225.0000 13.74000000    07
AURORA-Phase4 273
1 00274U 00000ABC 00001.00000000  .00000000  00000-0  00000+0 0    06
2 00274  75.0000 312.0000 0000001   0.0000 243.0000 13.74000000    08
AURORA-Phase4 274
1 00275U 00000ABC 00001.00000000  .00000000  00000-0  00000+0 0    07
2 00275  75.0000 312.0000 0000001   0.0000 261.0000 13.74000000    09
AURORA-Phase4 275
1 00276U 00000ABC 00001.00000000  .00000000  00000-0  00000+0 0    08
2 00276  75.0000 312.0000 0000001   0.0000 279.0000 13.74000000    09
AURORA-Phase4 276
1 00277U 00000ABC 00001.00000000  .00000000  00000-0  00000+0 0    09
2 00277  75.0000 312.0000 0000001   0.0000 297.0000 13.74000000    00
AURORA-Phase4 277
1 00278U 00000ABC 00001.00000000  .00000000  00000-0  00000+0 0    00
2 00278  75.0000 312.0000 0000001   0.0000 315.0000 13.74000000    02
AURORA-Phase4 278
1 00279U 00000ABC 00001.00000000  .00000000  00000-0  00000+0 0    01
2 00279  75.0000 312.0000 0000001   0.0000 333.0000 13.74000000    03
AURORA-Phase4 279
1 00280U 00000ABC 00001.00000000  .00000000  00000-0  00000+0 0    03
2 00280  75.0000 312.0000 0000001   0.0000 351.0000 13.74000000    05
AURORA-Phase4 280
1 00281U 00000ABC 00001.00000000  .00000000  00000-0  00000+0 0    04
2 00281  75.0000 336.0000 0000001   0.0000   0.0000 13.74000000    03
AURORA-Phase4 281
1 00282U 00000ABC 00001.00000000  .00000000  00000-0  00000+0 0    05
2 00282  75.0000 336.0000 0000001   0.0000  18.0000 13.74000000    03
AURORA-Phase4 282
1 00283U 00000ABC 00001.00000000  .00000000  00000-0  00000+0 0    06
2 00283  75.0000 336.0000 0000001   0.0000  36.0000 13.74000000    04
AURORA-Phase4 283
1 00284U 00000ABC 00001.00000000  .00000000  00000-0  00000+0 0    07
2 00284  75.0000 336.0000 0000001   0.0000  54.0000 13.74000000    05
AURORA-Phase4 284
1 00285U 00000ABC 00001.00000000  .00000000  00000-0  00000+0 0    08
2 00285  75.0000 336.0000 0000001   0.0000  72.0000 13.74000000    06
AURORA-Phase4 285
1 00286U 00000ABC 00001.00000000  .00000000  00000-0  00000+0 0    09
2 00286  75.0000 336.0000 0000001   0.0000  90.0000 13.74000000    07
AURORA-Phase4 286
1 00287U 00000ABC 00001.00000000  .00000000  00000-0  00000+0 0    00
2 00287  75.0000 336.0000 0000001   0.0000 108.0000 13.74000000    08
AURORA-Phase4 287
1 00288U 00000ABC 00001.00000000  .00000000  00000-0  00000+0 0    01
2 00288  75.0000 336.0000 0000001   0.0000 126.0000 13.74000000    09
AURORA-Phase4 288
1 00289U 00000ABC 00001.00000000  .00000000  00000-0  00000+0 0    02
2 00289  75.0000 336.0000 0000001   0.0000 144.0000 13.74000000    00
AURORA-Phase4 289
1 00290U 00000ABC 00001.00000000  .00000000  00000-0  00000+0 0    04
2 00290  75.0000 336.0000 0000001   0.0000 162.0000 13.74000000    02
AURORA-Phase4 290
1 00291U 00000ABC 00001.00000000  .00000000  00000-0  00000+0 0    05
2 00291  75.0000 336.0000 0000001   0.0000 180.0000 13.74000000    03
AURORA-Phase4 291
1 00292U 00000ABC 00001.00000000  .00000000  00000-0  00000+0 0    06
2 00292  75.0000 336.0000 0000001   0.0000 198.0000 13.74000000    03
AURORA-Phase4 292
1 00293U 00000ABC 00001.00000000  .00000000  00000-0  00000+0 0    07
2 00293  75.0000 336.0000 0000001   0.0000 216.0000 13.74000000    05
AURORA-Phase4 293
1 00294U 00000ABC 00001.00000000  .00000000  00000-0  00000+0 0    08
2 00294  75.0000 336.0000 0000001   0.0000 234.0000 13.74000000    06
AURORA-Phase4 294
1 00295U 00000ABC 00001.00000000  .00000000  00000-0  00000+0 0    09
2 00295  75.0000 336.0000 0000001   0.0000 252.0000 13.74000000    07
AURORA-Phase4 295
1 00296U 00000ABC 00001.00000000  .00000000  00000-0  00000+0 0    00
2 00296  75.0000 336.0000 0000001   0.0000 270.0000 13.74000000    08
AURORA-Phase4 296
1 00297U 00000ABC 00001.00000000  .00000000  00000-0  00000+0 0    01
2 00297  75.0000 336.0000 0000001   0.0000 288.0000 13.74000000    08
AURORA-Phase4 297
1 00298U 00000ABC 00001.00000000  .00000000  00000-0  00000+0 0    02
2 00298  75.0000 336.0000 0000001   0.0000 306.0000 13.74000000    00
AURORA-Phase4 298
1 00299U 00000ABC 00001.00000000  .00000000  00000-0  00000+0 0    03
2 00299  75.0000 336.0000 0000001   0.0000 324.0000 13.74000000    01
AURORA-Phase4 299
1 00300U 00000ABC 00001.00000000  .00000000  00000-0  00000+0 0    06
2 00300  75.0000 336.0000 0000001   0.0000 342.0000 13.74000000    04
