12 20
LEO-PNT-Phase3 0
1 00001U 00000ABC 00001.00000000  .00000000  00000-0  00000+0 0    04
2 00001  80.0000   0.0000 0000001   0.0000   0.0000 14.76000000    00
LEO-PNT-Phase3 1
1 00002U 00000ABC 00001.00000000  .00000000  00000-0  00000+0 0    05
2 00002  80.0000   0.0000 0000001   0.0000  18.0000 14.76000000    00
LEO-PNT-Phase3 2
1 00003U 00000ABC 00001.00000000  .00000000  00000-0  00000+0 0    06
2 00003  80.0000   0.0000 0000001   0.0000  36.0000 14.76000000    01
LEO-PNT-Phase3 3
1 00004U 00000ABC 00001.00000000  .00000000  00000-0  00000+0 0    07
2 00004  80.0000   0.0000 0000001   0.0000  54.0000 14.76000000    02
LEO-PNT-Phase3 4
1 00005U 00000ABC 00001.00000000  .00000000  00000-0  00000+0 0    08
2 00005  80.0000   0.0000 0000001   0.0000  72.0000 14.76000000    03
LEO-PNT-Phase3 5
1 00006U 00000ABC 00001.00000000  .00000000  00000-0  00000+0 0    09
2 00006  80.0000   0.0000 0000001   0.0000  90.0000 14.76000000    04
LEO-PNT-Phase3 6
1 00007U 00000ABC 00001.00000000  .00000000  00000-0  00000+0 0    00
2 00007  80.0000   0.0000 0000001   0.0000 108.0000 14.76000000    05
LEO-PNT-Phase3 7
1 00008U 00000ABC 00001.00000000  .00000000  00000-0  00000+0 0    01
2 00008  80.0000   0.0000 0000001   0.0000 126.0000 14.76000000    06
LEO-PNT-Phase3 8
1 00009U 00000ABC 00001.00000000  .00000000  00000-0  00000+0 0    02
2 00009  80.0000   0.0000 0000001   0.0000 144.0000 14.76000000    07
LEO-PNT-Phase3 9
1 00010U 00000ABC 00001.00000000  .00000000  00000-0  00000+0 0    04
2 00010  80.0000   0.0000 0000001   0.0000 162.0000 14.76000000    09
LEO-PNT-Phase3 10
1 00011U 00000ABC 00001.00000000  .00000000  00000-0  00000+0 0    05
2 00011  80.0000   0.0000 0000001   0.0000 180.0000 14.76000000    00
LEO-PNT-Phase3 11
1 00012U 00000ABC 00001.00000000  .00000000  00000-0  00000+0 0    06
2 00012  80.0000   0.0000 0000001   0.0000 198.0000 14.76000000    00
LEO-PNT-Phase3 12
1 00013U 00000ABC 00001.00000000  .00000000  00000-0  00000+0 0    07
2 00013  80.0000   0.0000 0000001   0.0000 216.0000 14.76000000    02
LEO-PNT-Phase3 13
1 00014U 00000ABC 00001.00000000  .00000000  00000-0  00000+0 0    08
2 00014  80.0000   0.0000 0000001   0.0000 234.0000 14.76000000    03
LEO-PNT-Phase3 14
1 00015U 00000ABC 00001.00000000  .00000000  00000-0  00000+0 0    09
2 00015  80.0000   0.0000 0000001   0.0000 252.0000 14.76000000    04
LEO-PNT-Phase3 15
1 00016U 00000ABC 00001.00000000  .00000000  00000-0  00000+0 0    00
2 00016  80.0000   0.0000 0000001   0.0000 270.0000 14.76000000    05
LEO-PNT-Phase3 16
1 00017U 00000ABC 00001.00000000  .00000000  00000-0  00000+0 0    01
2 00017  80.0000   0.0000 0000001   0.0000 288.0000 14.76000000    05
LEO-PNT-Phase3 17
1 00018U 00000ABC 00001.00000000  .00000000  00000-0  00000+0 0    02
2 00018  80.0000   0.0000 0000001   0.0000 306.0000 14.76000000    07
LEO-PNT-Phase3 18
1 00019U 00000ABC 00001.00000000  .00000000  00000-0  00000+0 0    03
2 00019  80.0000   0.0000 0000001   0.0000 324.0000 14.76000000    08
LEO-PNT-Phase3 19
1 00020U 00000ABC 00001.00000000  .00000000  00000-0  00000+0 0    05
2 00020  80.0000   0.0000 0000001   0.0000 342.0000 14.76000000    00
LEO-PNT-Phase3 20
1 00021U 00000ABC 00001.00000000  .00000000  00000-0  00000+0 0    06
2 00021  80.0000  30.0000 0000001   0.0000   9.0000 14.76000000    04
LEO-PNT-Phase3 21
1 00022U 00000ABC 00001.00000000  .00000000  00000-0  00000+0 0    07
2 00022  80.0000  30.0000 0000001   0.0000  27.0000 14.76000000    05
LEO-PNT-Phase3 22
1 00023U 00000ABC 00001.00000000  .00000000  00000-0  00000+0 0    08
2 00023  80.0000  30.0000 0000001   0.0000  45.0000 14.76000000    06
LEO-PNT-Phase3 23
1 00024U 00000ABC 00001.00000000  .00000000  00000-0  00000+0 0    09
2 00024  80.0000  30.0000 0000001   0.0000  63.0000 14.76000000    07
LEO-PNT-Phase3 24
1 00025U 00000ABC 00001.00000000  .00000000  00000-0  00000+0 0    00
2 00025  80.0000  30.0000 0000001   0.0000  81.0000 14.76000000    08
LEO-PNT-Phase3 25
1 00026U 00000ABC 00001.00000000  .00000000  00000-0  00000+0 0    01
2 00026  80.0000  30.0000 0000001   0.0000  99.0000 14.76000000    08
LEO-PNT-Phase3 26
1 00027U 00000ABC 00001.00000000  .00000000  00000-0  00000+0 0    02
2 00027  80.0000  30.0000 0000001   0.0000 117.0000 14.76000000    00
LEO-PNT-Phase3 27
1 00028U 00000ABC 00001.00000000  .00000000  00000-0  00000+0 0    03
2 00028  80.0000  30.0000 0000001   0.0000 135.0000 14.76000000    01
LEO-PNT-Phase3 28
1 00029U 00000ABC 00001.00000000  .00000000  00000-0  00000+0 0    04
2 00029  80.0000  30.0000 0000001   0.0000 153.0000 14.76000000    02
LEO-PNT-Phase3 29
1 00030U 00000ABC 00001.00000000  .00000000  00000-0  00000+0 0    06
2 00030  80.0000  30.0000 0000001   0.0000 171.0000 14.76000000    04
LEO-PNT-Phase3 30
1 00031U 00000ABC 00001.00000000  .00000000  00000-0  00000+0 0    07
2 00031  80.0000  30.0000 0000001   0.0000 189.0000 14.76000000    04
LEO-PNT-Phase3 31
1 00032U 00000ABC 00001.00000000  .00000000  00000-0  00000+0 0    08
2 00032  80.0000  30.0000 0000001   0.0000 207.0000 14.76000000    06
LEO-PNT-Phase3 32
1 00033U 00000ABC 00001.00000000  .00000000  00000-0  00000+0 0    09
2 00033  80.0000  30.0000 0000001   0.0000 225.0000 14.76000000    07
LEO-PNT-Phase3 33
1 00034U 00000ABC 00001.00000000  .00000000  00000-0  00000+0 0    00
2 00034  80.0000  30.0000 0000001   0.0000 243.0000 14.76000000    08
LEO-PNT-Phase3 34
1 00035U 00000ABC 00001.00000000  .00000000  00000-0  00000+0 0    01
2 00035  80.0000  30.0000 0000001   0.0000 261.0000 14.76000000    09
LEO-PNT-Phase3 35
1 00036U 00000ABC 00001.00000000  .00000000  00000-0  00000+0 0    02
2 00036  80.0000  30.0000 0000001   0.0000 279.0000 14.76000000    09
LEO-PNT-Phase3 36
1 00037U 00000ABC 00001.00000000  .00000000  00000-0  00000+0 0    03
2 00037  80.0000  30.0000 0000001   0.0000 297.0000 14.76000000    00
LEO-PNT-Phase3 37
1 00038U 00000ABC 00001.00000000  .00000000  00000-0  00000+0 0    04
2 00038  80.0000  30.0000 0000001   0.0000 315.0000 14.76000000    02
LEO-PNT-Phase3 38
1 00039U 00000ABC 00001.00000000  .00000000  00000-0  00000+0 0    05
2 00039  80.0000  30.0000 0000001   0.0000 333.0000 14.76000000    03
LEO-PNT-Phase3 39
1 00040U 00000ABC 00001.00000000  .00000000  00000-0  00000+0 0    07
2 00040  80.0000  30.0000 0000001   0.0000 351.0000 14.76000000    05
LEO-PNT-Phase3 40
1 00041U 00000ABC 00001.00000000  .00000000  00000-0  00000+0 0    08
2 00041  80.0000  60.0000 0000001   0.0000   0.0000 14.76000000    00
LEO-PNT-Phase3 41
1 00042U 00000ABC 00001.00000000  .00000000  00000-0  00000+0 0    09
2 00042  80.0000  60.0000 0000001   0.0000  18.0000 14.76000000    00
LEO-PNT-Phase3 42
1 00043U 00000ABC 00001.00000000  .00000000  00000-0  00000+0 0    00
2 00043  80.0000  60.0000 0000001   0.0000  36.0000 14.76000000    01
LEO-PNT-Phase3 43
1 00044U 00000ABC 00001.00000000  .00000000  00000-0  00000+0 0    01
2 00044  80.0000  60.0000 0000001   0.0000  54.0000 14.76000000    02
LEO-PNT-Phase3 44
1 00045U 00000ABC 00001.00000000  .00000000  00000-0  00000+0 0    02
2 00045  80.0000  60.0000 0000001   0.0000  72.0000 14.76000000    03
LEO-PNT-Phase3 45
1 00046U 00000ABC 00001.00000000  .00000000  00000-0  00000+0 0    03
2 00046  80.0000  60.0000 0000001   0.0000  90.0000 14.76000000    04
LEO-PNT-Phase3 46
1 00047U 00000ABC 00001.00000000  .00000000  00000-0  00000+0 0    04
2 00047  80.0000  60.0000 0000001   0.0000 108.0000 14.76000000    05
LEO-PNT-Phase3 47
1 00048U 00000ABC 00001.00000000  .00000000  00000-0  00000+0 0    05
2 00048  80.0000  60.0000 0000001   0.0000 126.0000 14.76000000    06
LEO-PNT-Phase3 48
1 00049U 00000ABC 00001.00000000  .00000000  00000-0  00000+0 0    06
2 00049  80.0000  60.0000 0000001   0.0000 144.0000 14.76000000    07
LEO-PNT-Phase3 49
1 00050U 00000ABC 00001.00000000  .00000000  00000-0  00000+0 0    08
2 00050  80.0000  60.0000 0000001   0.0000 162.0000 14.76000000    09
LEO-PNT-Phase3 50
1 00051U 00000ABC 00001.00000000  .00000000  00000-0  00000+0 0    09
2 00051  80.0000  60.0000 0000001   0.0000 180.0000 14.76000000    00
LEO-PNT-Phase3 51
1 00052U 00000ABC 00001.00000000  .00000000  00000-0  00000+0 0    00
2 00052  80.0000  60.0000 0000001   0.0000 198.0000 14.76000000    00
LEO-PNT-Phase3 52
1 00053U 00000ABC 00001.00000000  .00000000  00000-0  00000+0 0    01
2 00053  80.0000  60.0000 0000001   0.0000 216.0000 14.76000000    02
LEO-PNT-Phase3 53
1 00054U 00000ABC 00001.00000000  .00000000  00000-0  00000+0 0    02
2 00054  80.0000  60.0000 0000001   0.0000 234.0000 14.76000000    03
LEO-PNT-Phase3 54
1 00055U 00000ABC 00001.00000000  .00000000  00000-0  00000+0 0    03
2 00055  80.0000  60.0000 0000001   0.0000 252.0000 14.76000000    04
LEO-PNT-Phase3 55
1 00056U 00000ABC 00001.00000000  .00000000  00000-0  00000+0 0    04
2 00056  80.0000  60.0000 0000001   0.0000 270.0000 14.76000000    05
LEO-PNT-Phase3 56
1 00057U 00000ABC 00001.00000000  .00000000  00000-0  00000+0 0    05
2 00057  80.0000  60.0000 0000001   0.0000 288.0000 14.76000000    05
LEO-PNT-Phase3 57
1 00058U 00000ABC 00001.00000000  .00000000  00000-0  00000+0 0    06
2 00058  80.0000  60.0000 0000001   0.0000 306.0000 14.76000000    07
LEO-PNT-Phase3 58
1 00059U 00000ABC 00001.00000000  .00000000  00000-0  00000+0 0    07
2 00059  80.0000  60.0000 0000001   0.0000 324.0000 14.76000000    08
LEO-PNT-Phase3 59
1 00060U 00000ABC 00001.00000000  .00000000  00000-0  00000+0 0    09
2 00060  80.0000  60.0000 0000001   0.0000 342.0000 14.76000000    00
LEO-PNT-Phase3 60
1 00061U 00000ABC 00001.00000000  .00000000  00000-0  00000+0 0    00
2 00061  80.0000  90.0000 0000001   0.0000   9.0000 14.76000000    04
LEO-PNT-Phase3 61
1 00062U 00000ABC 00001.00000000  .00000000  00000-0  00000+0 0    01
2 00062  80.0000  90.0000 0000001   0.0000  27.0000 14.76000000    05
LEO-PNT-Phase3 62
1 00063U 00000ABC 00001.00000000  .00000000  00000-0  00000+0 0    02
2 00063  80.0000  90.0000 0000001   0.0000  45.0000 14.76000000    06
LEO-PNT-Phase3 63
1 00064U 00000ABC 00001.00000000  .00000000  00000-0  00000+0 0    03
2 00064  80.0000  90.0000 0000001   0.0000  63.0000 14.76000000    07
LEO-PNT-Phase3 64
1 00065U 00000ABC 00001.00000000  .00000000  00000-0  00000+0 0    04
2 00065  80.0000  90.0000 0000001   0.0000  81.0000 14.76000000    08
LEO-PNT-Phase3 65
1 00066U 00000ABC 00001.00000000  .00000000  00000-0  00000+0 0    05
2 00066  80.0000  90.0000 0000001   0.0000  99.0000 14.76000000    08
LEO-PNT-Phase3 66
1 00067U 00000ABC 00001.00000000  .00000000  00000-0  00000+0 0    06
2 00067  80.0000  90.0000 0000001   0.0000 117.0000 14.76000000    00
LEO-PNT-Phase3 67
1 00068U 00000ABC 00001.00000000  .00000000  00000-0  00000+0 0    07
2 00068  80.0000  90.0000 0000001   0.0000 135.0000 14.76000000    01
LEO-PNT-Phase3 68
1 00069U 00000ABC 00001.00000000  .00000000  00000-0  00000+0 0    08
2 00069  80.0000  90.0000 0000001   0.0000 153.0000 14.76000000    02
LEO-PNT-Phase3 69
1 00070U 00000ABC 00001.00000000  .00000000  00000-0  00000+0 0    00
2 00070  80.0000  90.0000 0000001   0.0000 171.0000 14.76000000    04
LEO-PNT-Phase3 70
1 00071U 00000ABC 00001.00000000  .00000000  00000-0  00000+0 0    01
2 00071  80.0000  90.0000 0000001   0.0000 189.0000 14.76000000    04
LEO-PNT-Phase3 71
1 00072U 00000ABC 00001.00000000  .00000000  00000-0  00000+0 0    02
2 00072  80.0000  90.0000 0000001   0.0000 207.0000 14.76000000    06
LEO-PNT-Phase3 72
1 00073U 00000ABC 00001.00000000  .00000000  00000-0  00000+0 0    03
2 00073  80.0000  90.0000 0000001   0.0000 225.0000 14.76000000    07
LEO-PNT-Phase3 73
1 00074U 00000ABC 00001.00000000  .00000000  00000-0  00000+0 0    04
2 00074  80.0000  90.0000 0000001   0.0000 243.0000 14.76000000    08
LEO-PNT-Phase3 74
1 00075U 00000ABC 00001.00000000  .00000000  00000-0  00000+0 0    05
2 00075  80.0000  90.0000 0000001   0.0000 261.0000 14.76000000    09
LEO-PNT-Phase3 75
1 00076U 00000ABC 00001.00000000  .00000000  00000-0  00000+0 0    06
2 00076  80.0000  90.0000 0000001   0.0000 279.0000 14.76000000    09
LEO-PNT-Phase3 76
1 00077U 00000ABC 00001.00000000  .00000000  00000-0  00000+0 0    07
2 00077  80.0000  90.0000 0000001   0.0000 297.0000 14.76000000    00
LEO-PNT-Phase3 77
1 00078U 00000ABC 00001.00000000  .00000000  00000-0  00000+0 0    08
2 00078  80.0000  90.0000 0000001   0.0000 315.0000 14.76000000    02
LEO-PNT-Phase3 78
1 00079U 00000ABC 00001.00000000  .00000000  00000-0  00000+0 0    09
2 00079  80.0000  90.0000 0000001   0.0000 333.0000 14.76000000    03
LEO-PNT-Phase3 79
1 00080U 00000ABC 00001.00000000  .00000000  00000-0  00000+0 0    01
2 00080  80.0000  90.0000 0000001   0.0000 351.0000 14.76000000    05
LEO-PNT-Phase3 80
1 00081U 00000ABC 00001.00000000  .00000000  00000-0  00000+0 0    02
2 00081  80.0000 120.0000 0000001   0.0000   0.0000 14.76000000    01
LEO-PNT-Phase3 81
1 00082U 00000ABC 00001.00000000  .00000000  00000-0  00000+0 0    03
2 00082  80.0000 120.0000 0000001   0.0000  18.0000 14.76000000    01
LEO-PNT-Phase3 82
1 00083U 00000ABC 00001.00000000  .00000000  00000-0  00000+0 0    04
2 00083  80.0000 120.0000 0000001   0.0000  36.0000 14.76000000    02
LEO-PNT-Phase3 83
1 00084U 00000ABC 00001.00000000  .00000000  00000-0  00000+0 0    05
2 00084  80.0000 120.0000 0000001   0.0000  54.0000 14.76000000    03
LEO-PNT-Phase3 84
1 00085U 00000ABC 00001.00000000  .00000000  00000-0  00000+0 0    06
2 00085  80.0000 120.0000 0000001   0.0000  72.0000 14.76000000    04
LEO-PNT-Phase3 85
1 00086U 00000ABC 00001.00000000  .00000000  00000-0  00000+0 0    07
2 00086  80.0000 120.0000 0000001   0.0000  90.0000 14.76000000    05
LEO-PNT-Phase3 86
1 00087U 00000ABC 00001.00000000  .00000000  00000-0  00000+0 0    08
2 00087  80.0000 120.0000 0000001   0.0000 108.0000 14.76000000    06
LEO-PNT-Phase3 87
1 00088U 00000ABC 00001.00000000  .00000000  00000-0  00000+0 0    09
2 00088  80.0000 120.0000 0000001   0.0000 126.0000 14.76000000    07
LEO-PNT-Phase3 88
1 00089U 00000ABC 00001.00000000  .00000000  00000-0  00000+0 0    00
2 00089  80.0000 120.0000 0000001   0.0000 144.0000 14.76000000    08
LEO-PNT-Phase3 89
1 00090U 00000ABC 00001.00000000  .00000000  00000-0  00000+0 0    02
2 00090  80.0000 120.0000 0000001   0.0000 162.0000 14.76000000    00
LEO-PNT-Phase3 90
1 00091U 00000ABC 00001.00000000  .00000000  00000-0  00000+0 0    03
2 00091  80.0000 120.0000 0000001   0.0000 180.0000 14.76000000    01
LEO-PNT-Phase3 91
1 00092U 00000ABC 00001.00000000  .00000000  00000-0  00000+0 0    04
2 00092  80.0000 120.0000 0000001   0.0000 198.0000 14.76000000    01
LEO-PNT-Phase3 92
1 00093U 00000ABC 00001.00000000  .00000000  00000-0  00000+0 0    05
2 00093  80.0000 120.0000 0000001   0.0000 216.0000 14.76000000    03
LEO-PNT-Phase3 93
1 00094U 00000ABC 00001.00000000  .00000000  00000-0  00000+0 0    06
2 00094  80.0000 120.0000 0000001   0.0000 234.0000 14.76000000    04
LEO-PNT-Phase3 94
1 00095U 00000ABC 00001.00000000  .00000000  00000-0  00000+0 0    07
2 00095  80.0000 120.0000 0000001   0.0000 252.0000 14.76000000    05
LEO-PNT-Phase3 95
1 00096U 00000ABC 00001.00000000  .00000000  00000-0  00000+0 0    08
2 00096  80.0000 120.0000 0000001   0.0000 270.0000 14.76000000    06
LEO-PNT-Phase3 96
1 00097U 00000ABC 00001.00000000  .00000000  00000-0  00000+0 0    09
2 00097  80.0000 120.0000 0000001   0.0000 288.0000 14.76000000    06
LEO-PNT-Phase3 97
1 00098U 00000ABC 00001.00000000  .00000000  00000-0  00000+0 0    00
2 00098  80.0000 120.0000 0000001   0.0000 306.0000 14.76000000    08
LEO-PNT-Phase3 98
1 00099U 00000ABC 00001.00000000  .00000000  00000-0  00000+0 0    01
2 00099  80.0000 120.0000 0000001   0.0000 324.0000 14.76000000    09
LEO-PNT-Phase3 99
1 00100U 00000ABC 00001.00000000  .00000000  00000-0  00000+0 0    04
2 00100  80.0000 120.0000 0000001   0.0000 342.0000 14.76000000    02
LEO-PNT-Phase3 100
1 00101U 00000ABC 00001.00000000  .00000000  00000-0  00000+0 0    05
2 00101  80.0000 150.0000 0000001   0.0000   9.0000 14.76000000    06
LEO-PNT-Phase3 101
1 00102U 00000ABC 00001.00000000  .00000000  00000-0  00000+0 0    06
2 00102  80.0000 150.0000 0000001   0.0000  27.0000 14.76000000    07
LEO-PNT-Phase3 102
1 00103U 00000ABC 00001.00000000  .00000000  00000-0  00000+0 0    07
2 00103  80.0000 150.0000 0000001   0.0000  45.0000 14.76000000    08
LEO-PNT-Phase3 103
1 00104U 00000ABC 00001.00000000  .00000000  00000-0  00000+0 0    08
2 00104  80.0000 150.0000 0000001   0.0000  63.0000 14.76000000    09
LEO-PNT-Phase3 104
1 00105U 00000ABC 00001.00000000  .00000000  00000-0  00000+0 0    09
2 00105  80.0000 150.0000 0000001   0.0000  81.0000 14.76000000    00
LEO-PNT-Phase3 105
1 00106U 00000ABC 00001.00000000  .00000000  00000-0  00000+0 0    00
2 00106  80.0000 150.0000 0000001   0.0000  99.0000 14.76000000    00
LEO-PNT-Phase3 106
1 00107U 00000ABC 00001.00000000  .00000000  00000-0  00000+0 0    01
2 00107  80.0000 150.0000 0000001   0.0000 117.0000 14.76000000    02
LEO-PNT-Phase3 107
1 00108U 00000ABC 00001.00000000  .00000000  00000-0  00000+0 0    02
2 00108  80.0000 150.0000 0000001   0.0000 135.0000 14.76000000    03
LEO-PNT-Phase3 108
1 00109U 00000ABC 00001.00000000  .00000000  00000-0  00000+0 0    03
2 00109  80.0000 150.0000 0000001   0.0000 153.0000 14.76000000    04
LEO-PNT-Phase3 109
1 00110U 00000ABC 00001.00000000  .00000000  00000-0  00000+0 0    05
2 00110  80.0000 150.0000 0000001   0.0000 171.0000 14.76000000    06
LEO-PNT-Phase3 110
1 00111U 00000ABC 00001.00000000  .00000000  00000-0  00000+0 0    06
2 00111  80.0000 150.0000 0000001   0.0000 189.0000 14.76000000    06
LEO-PNT-Phase3 111
1 00112U 00000ABC 00001.00000000  .00000000  00000-0  00000+0 0    07
2 00112  80.0000 150.0000 0000001   0.0000 207.0000 14.76000000    08
LEO-PNT-Phase3 112
1 00113U 00000ABC 00001.00000000  .00000000  00000-0  00000+0 0    08
2 00113  80.0000 150.0000 0000001   0.0000 225.0000 14.76000000    09
LEO-PNT-Phase3 113
1 00114U 00000ABC 00001.00000000  .00000000  00000-0  00000+0 0    09
2 00114  80.0000 150.0000 0000001   0.0000 243.0000 14.76000000    00
LEO-PNT-Phase3 114
1 00115U 00000ABC 00001.00000000  .00000000  00000-0  00000+0 0    00
2 00115  80.0000 150.0000 0000001   0.0000 261.0000 14.76000000    01
LEO-PNT-Phase3 115
1 00116U 00000ABC 00001.00000000  .00000000  00000-0  00000+0 0    01
2 00116  80.0000 150.0000 0000001   0.0000 279.0000 14.76000000    01
LEO-PNT-Phase3 116
1 00117U 00000ABC 00001.00000000  .00000000  00000-0  00000+0 0    02
2 00117  80.0000 150.0000 0000001   0.0000 297.0000 14.76000000    02
LEO-PNT-Phase3 117
1 00118U 00000ABC 00001.00000000  .00000000  00000-0  00000+0 0    03
2 00118  80.0000 150.0000 0000001   0.0000 315.0000 14.76000000    04
LEO-PNT-Phase3 118
1 00119U 00000ABC 00001.00000000  .00000000  00000-0  00000+0 0    04
2 00119  80.0000 150.0000 0000001   0.0000 333.0000 14.76000000    05
LEO-PNT-Phase3 119
1 00120U 00000ABC 00001.00000000  .00000000  00000-0  00000+0 0    06
2 00120  80.0000 150.0000 0000001   0.0000 351.0000 14.76000000    07
LEO-PNT-Phase3 120
1 00121U 00000ABC 00001.00000000  .00000000  00000-0  00000+0 0    07
2 00121  80.0000 180.0000 0000001   0.0000   0.0000 14.76000000    02
LEO-PNT-Phase3 121
1 00122U 00000ABC 00001.00000000  .00000000  00000-0  00000+0 0    08
2 00122  80.0000 180.0000 0000001   0.0000  18.0000 14.76000000    02
LEO-PNT-Phase3 122
1 00123U 00000ABC 00001.00000000  .00000000  00000-0  00000+0 0    09
2 00123  80.0000 180.0000 0000001   0.0000  36.0000 14.76000000    03
LEO-PNT-Phase3 123
1 00124U 00000ABC 00001.00000000  .00000000  00000-0  00000+0 0    00
2 00124  80.0000 180.0000 0000001   0.0000  54.0000 14.76000000    04
LEO-PNT-Phase3 124
1 00125U 00000ABC 00001.00000000  .00000000  00000-0  00000+0 0    01
2 00125  80.0000 180.0000 0000001   0.0000  72.0000 14.76000000    05
LEO-PNT-Phase3 125
1 00126U 00000ABC 00001.00000000  .00000000  00000-0  00000+0 0    02
2 00126  80.0000 180.0000 0000001   0.0000  90.0000 14.76000000    06
LEO-PNT-Phase3 126
1 00127U 00000ABC 00001.00000000  .00000000  00000-0  00000+0 0    03
2 00127  80.0000 180.0000 0000001   0.0000 108.0000 14.76000000    07
LEO-PNT-Phase3 127
1 00128U 00000ABC 00001.00000000  .00000000  00000-0  00000+0 0    04
2 00128  80.0000 180.0000 0000001   0.0000 126.0000 14.76000000    08
LEO-PNT-Phase3 128
1 00129U 00000ABC 00001.00000000  .00000000  00000-0  00000+0 0    05
2 00129  80.0000 180.0000 0000001   0.0000 144.0000 14.76000000    09
LEO-PNT-Phase3 129
1 00130U 00000ABC 00001.00000000  .00000000  00000-0  00000+0 0    07
2 00130  80.0000 180.0000 0000001   0.0000 162.0000 14.76000000    01
LEO-PNT-Phase3 130
1 00131U 00000ABC 00001.00000000  .00000000  00000-0  00000+0 0    08
2 00131  80.0000 180.0000 0000001   0.0000 180.0000 14.76000000    02
LEO-PNT-Phase3 131
1 00132U 00000ABC 00001.00000000  .00000000  00000-0  00000+0 0    09
2 00132  80.0000 180.0000 0000001   0.0000 198.0000 14.76000000    02
LEO-PNT-Phase3 132
1 00133U 00000ABC 00001.00000000  .00000000  00000-0  00000+0 0    00
2 00133  80.0000 180.0000 0000001   0.0000 216.0000 14.76000000    04
LEO-PNT-Phase3 133
1 00134U 00000ABC 00001.00000000  .00000000  00000-0  00000+0 0    01
2 00134  80.0000 180.0000 0000001   0.0000 234.0000 14.76000000    05
LEO-PNT-Phase3 134
1 00135U 00000ABC 00001.00000000  .00000000  00000-0  00000+0 0    02
2 00135  80.0000 180.0000 0000001   0.0000 252.0000 14.76000000    06
LEO-PNT-Phase3 135
1 00136U 00000ABC 00001.00000000  .00000000  00000-0  00000+0 0    03
2 00136  80.0000 180.0000 0000001   0.0000 270.0000 14.76000000    07
LEO-PNT-Phase3 136
1 00137U 00000ABC 00001.00000000  .00000000  00000-0  00000+0 0    04
2 00137  80.0000 180.0000 0000001   0.0000 288.0000 14.76000000    07
LEO-PNT-Phase3 137
1 00138U 00000ABC 00001.00000000  .00000000  00000-0  00000+0 0    05
2 00138  80.0000 180.0000 0000001   0.0000 306.0000 14.76000000    09
LEO-PNT-Phase3 138
1 00139U 00000ABC 00001.00000000  .00000000  00000-0  00000+0 0    06
2 00139  80.0000 180.0000 0000001   0.0000 324.0000 14.76000000    00
LEO-PNT-Phase3 139
1 00140U 00000ABC 00001.00000000  .00000000  00000-0  00000+0 0    08
2 00140  80.0000 180.0000 0000001   0.0000 342.0000 14.76000000    02
LEO-PNT-Phase3 140
1 00141U 00000ABC 00001.00000000  .00000000  00000-0  00000+0 0    09
2 00141  80.0000 210.0000 0000001   0.0000   9.0000 14.76000000    07
LEO-PNT-Phase3 141
1 00142U 00000ABC 00001.00000000  .00000000  00000-0  00000+0 0    00
2 00142  80.0000 210.0000 0000001   0.0000  27.0000 14.76000000    08
LEO-PNT-Phase3 142
1 00143U 00000ABC 00001.00000000  .00000000  00000-0  00000+0 0    01
2 00143  80.0000 210.0000 0000001   0.0000  45.0000 14.76000000    09
LEO-PNT-Phase3 143
1 00144U 00000ABC 00001.00000000  .00000000  00000-0  00000+0 0    02
2 00144  80.0000 210.0000 0000001   0.0000  63.0000 14.76000000    00
LEO-PNT-Phase3 144
1 00145U 00000ABC 00001.00000000  .00000000  00000-0  00000+0 0    03
2 00145  80.0000 210.0000 0000001   0.0000  81.0000 14.76000000    01
LEO-PNT-Phase3 145
1 00146U 00000ABC 00001.00000000  .00000000  00000-0  00000+0 0    04
2 00146  80.0000 210.0000 0000001   0.0000  99.0000 14.76000000    01
LEO-PNT-Phase3 146
1 00147U 00000ABC 00001.00000000  .00000000  00000-0  00000+0 0    05
2 00147  80.0000 210.0000 0000001   0.0000 117.0000 14.76000000    03
LEO-PNT-Phase3 147
1 00148U 00000ABC 00001.00000000  .00000000  00000-0  00000+0 0    06
2 00148  80.0000 210.0000 0000001   0.0000 135.0000 14.76000000    04
LEO-PNT-Phase3 148
1 00149U 00000ABC 00001.00000000  .00000000  00000-0  00000+0 0    07
2 00149  80.0000 210.0000 0000001   0.0000 153.0000 14.76000000    05
LEO-PNT-Phase3 149
1 00150U 00000ABC 00001.00000000  .00000000  00000-0  00000+0 0    09
2 00150  80.0000 210.0000 0000001   0.0000 171.0000 14.76000000    07
LEO-PNT-Phase3 150
1 00151U 00000ABC 00001.00000000  .00000000  00000-0  00000+0 0    00
2 00151  80.0000 210.0000 0000001   0.0000 189.0000 14.76000000    07
LEO-PNT-Phase3 151
1 00152U 00000ABC 00001.00000000  .00000000  00000-0  00000+0 0    01
2 00152  80.0000 210.0000 0000001   0.0000 207.0000 14.76000000    09
LEO-PNT-Phase3 152
1 00153U 00000ABC 00001.00000000  .00000000  00000-0  00000+0 0    02
2 00153  80.0000 210.0000 0000001   0.0000 225.0000 14.76000000    00
LEO-PNT-Phase3 153
1 00154U 00000ABC 00001.00000000  .00000000  00000-0  00000+0 0    03
2 00154  80.0000 210.0000 0000001   0.0000 243.0000 14.76000000    01
LEO-PNT-Phase3 154
1 00155U 00000ABC 00001.00000000  .00000000  00000-0  00000+0 0    04
2 00155  80.0000 210.0000 0000001   0.0000 261.0000 14.76000000    02
LEO-PNT-Phase3 155
1 00156U 00000ABC 00001.00000000  .00000000  00000-0  00000+0 0    05
2 00156  80.0000 210.0000 0000001   0.0000 279.0000 14.76000000    02
LEO-PNT-Phase3 156
1 00157U 00000ABC 00001.00000000  .00000000  00000-0  00000+0 0    06
2 00157  80.0000 210.0000 0000001   0.0000 297.0000 14.76000000    03
LEO-PNT-Phase3 157
1 00158U 00000ABC 00001.00000000  .00000000  00000-0  00000+0 0    07
2 00158  80.0000 210.0000 0000001   0.0000 315.0000 14.76000000    05
LEO-PNT-Phase3 158
1 00159U 00000ABC 00001.00000000  .00000000  00000-0  00000+0 0    08
2 00159  80.0000 210.0000 0000001   0.0000 333.0000 14.76000000    06
LEO-PNT-Phase3 159
1 00160U 00000ABC 00001.00000000  .00000000  00000-0  00000+0 0    00
2 00160  80.0000 210.0000 0000001   0.0000 351.0000 14.76000000    08
LEO-PNT-Phase3 160
1 00161U 00000ABC 00001.00000000  .00000000  00000-0  00000+0 0    01
2 00161  80.0000 240.0000 0000001   0.0000   0.0000 14.76000000    03
LEO-PNT-Phase3 161
1 00162U 00000ABC 00001.00000000  .00000000  00000-0  00000+0 0    02
2 00162  80.0000 240.0000 0000001   0.0000  18.0000 14.76000000    03
LEO-PNT-Phase3 162
1 00163U 00000ABC 00001.00000000  .00000000  00000-0  00000+0 0    03
2 00163  80.0000 240.0000 0000001   0.0000  36.0000 14.76000000    04
LEO-PNT-Phase3 163
1 00164U 00000ABC 00001.00000000  .00000000  00000-0  00000+0 0    04
2 00164  80.0000 240.0000 0000001   0.0000  54.0000 14.76000000    05
LEO-PNT-Phase3 164
1 00165U 00000ABC 00001.00000000  .00000000  00000-0  00000+0 0    05
2 00165  80.0000 240.0000 0000001   0.0000  72.0000 14.76000000    06
LEO-PNT-Phase3 165
1 00166U 00000ABC 00001.00000000  .00000000  00000-0  00000+0 0    06
2 00166  80.0000 240.0000 0000001   0.0000  90.0000 14.76000000    07
LEO-PNT-Phase3 166
1 00167U 00000ABC 00001.00000000  .00000000  00000-0  00000+0 0    07
2 00167  80.0000 240.0000 0000001   0.0000 108.0000 14.76000000    08
LEO-PNT-Phase3 167
1 00168U 00000ABC 00001.00000000  .00000000  00000-0  00000+0 0    08
2 00168  80.0000 240.0000 0000001   0.0000 126.0000 14.76000000    09
LEO-PNT-Phase3 168
1 00169U 00000ABC 00001.00000000  .00000000  00000-0  00000+0 0    09
2 00169  80.0000 240.0000 0000001   0.0000 144.0000 14.76000000    00
LEO-PNT-Phase3 169
1 00170U 00000ABC 00001.00000000  .00000000  00000-0  00000+0 0    01
2 00170  80.0000 240.0000 0000001   0.0000 162.0000 14.76000000    02
LEO-PNT-Phase3 170
1 00171U 00000ABC 00001.00000000  .00000000  00000-0  00000+0 0    02
2 00171  80.0000 240.0000 0000001   0.0000 180.0000 14.76000000    03
LEO-PNT-Phase3 171
1 00172U 00000ABC 00001.00000000  .00000000  00000-0  00000+0 0    03
2 00172  80.0000 240.0000 0000001   0.0000 198.0000 14.76000000    03
LEO-PNT-Phase3 172
1 00173U 00000ABC 00001.00000000  .00000000  00000-0  00000+0 0    04
2 00173  80.0000 240.0000 0000001   0.0000 216.0000 14.76000000    05
LEO-PNT-Phase3 173
1 00174U 00000ABC 00001.00000000  .00000000  00000-0  00000+0 0    05
2 00174  80.0000 240.0000 0000001   0.0000 234.0000 14.76000000    06
LEO-PNT-Phase3 174
1 00175U 00000ABC 00001.00000000  .00000000  00000-0  00000+0 0    06
2 00175  80.0000 240.0000 0000001   0.0000 252.0000 14.76000000    07
LEO-PNT-Phase3 175
1 00176U 00000ABC 00001.00000000  .00000000  00000-0  00000+0 0    07
2 00176  80.0000 240.0000 0000001   0.0000 270.0000 14.76000000    08
LEO-PNT-Phase3 176
1 00177U 00000ABC 00001.00000000  .00000000  00000-0  00000+0 0    08
2 00177  80.0000 240.0000 0000001   0.0000 288.0000 14.76000000    08
LEO-PNT-Phase3 177
1 00178U 00000ABC 00001.00000000  .00000000  00000-0  00000+0 0    09
2 00178  80.0000 240.0000 0000001   0.0000 306.0000 14.76000000    00
LEO-PNT-Phase3 178
1 00179U 00000ABC 00001.00000000  .00000000  00000-0  00000+0 0    00
2 00179  80.0000 240.0000 0000001   0.0000 324.0000 14.76000000    01
LEO-PNT-Phase3 179
1 00180U 00000ABC 00001.00000000  .00000000  00000-0  00000+0 0    02
2 00180  80.0000 240.0000 0000001   0.0000 342.0000 14.76000000    03
LEO-PNT-Phase3 180
1 00181U 00000ABC 00001.00000000  .00000000  00000-0  00000+0 0    03
2 00181  80.0000 270.0000 0000001   0.0000   9.0000 14.76000000    07
LEO-PNT-Phase3 181
1 00182U 00000ABC 00001.00000000  .00000000  00000-0  00000+0 0    04
2 00182  80.0000 270.0000 0000001   0.0000  27.0000 14.76000000    08
LEO-PNT-Phase3 182
1 00183U 00000ABC 00001.00000000  .00000000  00000-0  00000+0 0    05
2 00183  80.0000 270.0000 0000001   0.0000  45.0000 14.76000000    09
LEO-PNT-Phase3 183
1 00184U 00000ABC 00001.00000000  .00000000  00000-0  00000+0 0    06
2 00184  80.0000 270.0000 0000001   0.0000  63.0000 14.76000000    00
LEO-PNT-Phase3 184
1 00185U 00000ABC 00001.00000000  .00000000  00000-0  00000+0 0    07
2 00185  80.0000 270.0000 0000001   0.0000  81.0000 14.76000000    01
LEO-PNT-Phase3 185
1 00186U 00000ABC 00001.00000000  .00000000  00000-0  00000+0 0    08
2 00186  80.0000 270.0000 0000001   0.0000  99.0000 14.76000000    01
LEO-PNT-Phase3 186
1 00187U 00000ABC 00001.00000000  .00000000  00000-0  00000+0 0    09
2 00187  80.0000 270.0000 0000001   0.0000 117.0000 14.76000000    03
LEO-PNT-Phase3 187
1 00188U 00000ABC 00001.00000000  .00000000  00000-0  00000+0 0    00
2 00188  80.0000 270.0000 0000001   0.0000 135.0000 14.76000000    04
LEO-PNT-Phase3 188
1 00189U 00000ABC 00001.00000000  .00000000  00000-0  00000+0 0    01
2 00189  80.0000 270.0000 0000001   0.0000 153.0000 14.76000000    05
LEO-PNT-Phase3 189
1 00190U 00000ABC 00001.00000000  .00000000  00000-0  00000+0 0    03
2 00190  80.0000 270.0000 0000001   0.0000 171.0000 14.76000000    07
LEO-PNT-Phase3 190
1 00191U 00000ABC 00001.00000000  .00000000  00000-0  00000+0 0    04
2 00191  80.0000 270.0000 0000001   0.0000 189.0000 14.76000000    07
LEO-PNT-Phase3 191
1 00192U 00000ABC 00001.00000000  .00000000  00000-0  00000+0 0    05
2 00192  80.0000 270.0000 0000001   0.0000 207.0000 14.76000000    09
LEO-PNT-Phase3 192
1 00193U 00000ABC 00001.00000000  .00000000  00000-0  00000+0 0    06
2 00193  80.0000 270.0000 0000001   0.0000 225.0000 14.76000000    00
LEO-PNT-Phase3 193
1 00194U 00000ABC 00001.00000000  .00000000  00000-0  00000+0 0    07
2 00194  80.0000 270.0000 0000001   0.0000 243.0000 14.76000000    01
LEO-PNT-Phase3 194
1 00195U 00000ABC 00001.00000000  .00000000  00000-0  00000+0 0    08
2 00195  80.0000 270.0000 0000001   0.0000 261.0000 14.76000000    02
LEO-PNT-Phase3 195
1 00196U 00000ABC 00001.00000000  .00000000  00000-0  00000+0 0    09
2 00196  80.0000 270.0000 0000001   0.0000 279.0000 14.76000000    02
LEO-PNT-Phase3 196
1 00197U 00000ABC 00001.00000000  .00000000  00000-0  00000+0 0    00
2 00197  80.0000 270.0000 0000001   0.0000 297.0000 14.76000000    03
LEO-PNT-Phase3 197
1 00198U 00000ABC 00001.00000000  .00000000  00000-0  00000+0 0    01
2 00198  80.0000 270.0000 0000001   0.0000 315.0000 14.76000000    05
LEO-PNT-Phase3 198
1 00199U 00000ABC 00001.00000000  .00000000  00000-0  00000+0 0    02
2 00199  80.0000 270.0000 0000001   0.0000 333.0000 14.76000000    06
LEO-PNT-Phase3 199
1 00200U 00000ABC 00001.00000000  .00000000  00000-0  00000+0 0    05
2 00200  80.0000 270.0000 0000001   0.0000 351.0000 14.76000000    09
LEO-PNT-Phase3 200
1 00201U 00000ABC 00001.00000000  .00000000  00000-0  00000+0 0    06
2 00201  80.0000 300.0000 0000001   0.0000   0.0000 14.76000000    05
LEO-PNT-Phase3 201
1 00202U 00000ABC 00001.00000000  .00000000  00000-0  00000+0 0    07
2 00202  80.0000 300.0000 0000001   0.0000  18.0000 14.76000000    05
LEO-PNT-Phase3 202
1 00203U 00000ABC 00001.00000000  .00000000  00000-0  00000+0 0    08
2 00203  80.0000 300.0000 0000001   0.0000  36.0000 14.76000000    06
LEO-PNT-Phase3 203
1 00204U 00000ABC 00001.00000000  .00000000  00000-0  00000+0 0    09
2 00204  80.0000 300.0000 0000001   0.0000  54.0000 14.76000000    07
LEO-PNT-Phase3 204
1 00205U 00000ABC 00001.00000000  .00000000  00000-0  00000+0 0    00
2 00205  80.0000 300.0000 0000001   0.0000  72.0000 14.76000000    08
LEO-PNT-Phase3 205
1 00206U 00000ABC 00001.00000000  .00000000  00000-0  00000+0 0    01
2 00206  80.0000 300.0000 0000001   0.0000  90.0000 14.76000000    09
LEO-PNT-Phase3 206
1 00207U 00000ABC 00001.00000000  .00000000  00000-0  00000+0 0    02
2 00207  80.0000 300.0000 0000001   0.0000 108.0000 14.76000000    00
LEO-PNT-Phase3 207
1 00208U 00000ABC 00001.00000000  .00000000  00000-0  00000+0 0    03
2 00208  80.0000 300.0000 0000001   0.0000 126.0000 14.76000000    01
LEO-PNT-Phase3 208
1 00209U 00000ABC 00001.00000000  .00000000  00000-0  00000+0 0    04
2 00209  80.0000 300.0000 0000001   0.0000 144.0000 14.76000000    02
LEO-PNT-Phase3 209
1 00210U 00000ABC 00001.00000000  .00000000  00000-0  00000+0 0    06
2 00210  80.0000 300.0000 0000001   0.0000 162.0000 14.76000000    04
LEO-PNT-Phase3 210
1 00211U 00000ABC 00001.00000000  .00000000  00000-0  00000+0 0    07
2 00211  80.0000 300.0000 0000001   0.0000 180.0000 14.76000000    05
LEO-PNT-Phase3 211
1 00212U 00000ABC 00001.00000000  .00000000  00000-0  00000+0 0    08
2 00212  80.0000 300.0000 0000001   0.0000 198.0000 14.76000000    05
LEO-PNT-Phase3 212
1 00213U 00000ABC 00001.00000000  .00000000  00000-0  00000+0 0    09
2 00213  80.0000 300.0000 0000001   0.0000 216.0000 14.76000000    07
LEO-PNT-Phase3 213
1 00214U 00000ABC 00001.00000000  .00000000  00000-0  00000+0 0    00
2 00214  80.0000 300.0000 0000001   0.0000 234.0000 14.76000000    08
LEO-PNT-Phase3 214
1 00215U 00000ABC 00001.00000000  .00000000  00000-0  00000+0 0    01
2 00215  80.0000 300.0000 0000001   0.0000 252.0000 14.76000000    09
LEO-PNT-Phase3 215
1 00216U 00000ABC 00001.00000000  .00000000  00000-0  00000+0 0    02
2 00216  80.0000 300.0000 0000001   0.0000 270.0000 14.76000000    00
LEO-PNT-Phase3 216
1 00217U 00000ABC 00001.00000000  .00000000  00000-0  00000+0 0    03
2 00217  80.0000 300.0000 0000001   0.0000 288.0000 14.76000000    00
LEO-PNT-Phase3 217
1 00218U 00000ABC 00001.00000000  .00000000  00000-0  00000+0 0    04
2 00218  80.0000 300.0000 0000001   0.0000 306.0000 14.76000000    02
LEO-PNT-Phase3 218
1 00219U 00000ABC 00001.00000000  .00000000  00000-0  00000+0 0    05
2 00219  80.0000 300.0000 0000001   0.0000 324.0000 14.76000000    03
LEO-PNT-Phase3 219
1 00220U 00000ABC 00001.00000000  .00000000  00000-0  00000+0 0    07
2 00220  80.0000 300.0000 0000001   0.0000 342.0000 14.76000000    05
LEO-PNT-Phase3 220
1 00221U 00000ABC 00001.00000000  .00000000  00000-0  00000+0 0    08
2 00221  80.0000 330.0000 0000001   0.0000   9.0000 14.76000000    09
LEO-PNT-Phase3 221
1 00222U 00000ABC 00001.00000000  .00000000  00000-0  00000+0 0    09
2 00222  80.0000 330.0000 0000001   0.0000  27.0000 14.76000000    00
LEO-PNT-Phase3 222
1 00223U 00000ABC 00001.00000000  .00000000  00000-0  00000+0 0    00
2 00223  80.0000 330.0000 0000001   0.0000  45.0000 14.76000000    01
LEO-PNT-Phase3 223
1 00224U 00000ABC 00001.00000000  .00000000  00000-0  00000+0 0    01
2 00224  80.0000 330.0000 0000001   0.0000  63.0000 14.76000000    02
LEO-PNT-Phase3 224
1 00225U 00000ABC 00001.00000000  .00000000  00000-0  00000+0 0    02
2 00225  80.0000 330.0000 0000001   0.0000  81.0000 14.76000000    03
LEO-PNT-Phase3 225
1 00226U 00000ABC 00001.00000000  .00000000  00000-0  00000+0 0    03
2 00226  80.0000 330.0000 0000001   0.0000  99.0000 14.76000000    03
LEO-PNT-Phase3 226
1 00227U 00000ABC 00001.00000000  .00000000  00000-0  00000+0 0    04
2 00227  80.0000 330.0000 0000001   0.0000 117.0000 14.76000000    05
LEO-PNT-Phase3 227
1 00228U 00000ABC 00001.00000000  .00000000  00000-0  00000+0 0    05
2 00228  80.0000 330.0000 0000001   0.0000 135.0000 14.76000000    06
LEO-PNT-Phase3 228
1 00229U 00000ABC 00001.00000000  .00000000  00000-0  00000+0 0    06
2 00229  80.0000 330.0000 0000001   0.0000 153.0000 14.76000000    07
LEO-PNT-Phase3 229
1 00230U 00000ABC 00001.00000000  .00000000  00000-0  00000+0 0    08
2 00230  80.0000 330.0000 0000001   0.0000 171.0000 14.76000000    09
LEO-PNT-Phase3 230
1 00231U 00000ABC 00001.00000000  .00000000  00000-0  00000+0 0    09
2 00231  80.0000 330.0000 0000001   0.0000 189.0000 14.76000000    09
LEO-PNT-Phase3 231
1 00232U 00000ABC 00001.00000000  .00000000  00000-0  00000+0 0    00
2 00232  80.0000 330.0000 0000001   0.0000 207.0000 14.76000000    01
LEO-PNT-Phase3 232
1 00233U 00000ABC 00001.00000000  .00000000  00000-0  00000+0 0    01
2 00233  80.0000 330.0000 0000001   0.0000 225.0000 14.76000000    02
LEO-PNT-Phase3 233
1 00234U 00000ABC 00001.00000000  .00000000  00000-0  00000+0 0    02
2 00234  80.0000 330.0000 0000001   0.0000 243.0000 14.76000000    03
LEO-PNT-Phase3 234
1 00235U 00000ABC 00001.00000000  .00000000  00000-0  00000+0 0    03
2 00235  80.0000 330.0000 0000001   0.0000 261.0000 14.76000000    04
LEO-PNT-Phase3 235
1 00236U 00000ABC 00001.00000000  .00000000  00000-0  00000+0 0    04
2 00236  80.0000 330.0000 0000001   0.0000 279.0000 14.76000000    04
LEO-PNT-Phase3 236
1 00237U 00000ABC 00001.00000000  .00000000  00000-0  00000+0 0    05
2 00237  80.0000 330.0000 0000001   0.0000 297.0000 14.76000000    05
LEO-PNT-Phase3 237
1 00238U 00000ABC 00001.00000000  .00000000  00000-0  00000+0 0    06
2 00238  80.0000 330.0000 0000001   0.0000 315.0000 14.76000000    07
LEO-PNT-Phase3 238
1 00239U 00000ABC 00001.00000000  .00000000  00000-0  00000+0 0    07
2 00239  80.0000 330.0000 0000001   0.0000 333.0000 14.76000000    08
LEO-PNT-Phase3 239
1 00240U 00000ABC 00001.00000000  .00000000  00000-0  00000+0 0    09
2 00240  80.0000 330.0000 0000001   0.0000 351.0000 14.76000000    00
